60
60
60
20
0
1
2
3
4
5
6
7
8
9
10
11
12
13
14
15
16
17
18
19
20
21
22
23
24
25
26
27
28
29
30
31
32
33
34
35
36
37
38
39
40
41
42
43
44
45
46
47
48
49
50
51
52
53
54
55
56
57
58
59
0 0 0
0 1 0
0 2 0
0 3 0
0 4 0
0 5 0
0 6 0
0 7 0
0 8 0
0 9 0
0 10 0
0 11 0
0 12 0
0 13 0
0 14 0
0 15 0
0 16 0
0 17 0
0 18 0
0 19 0
0 20 0
0 21 0
0 22 0
0 23 0
0 24 0
0 25 0
0 26 0
0 27 0
0 28 0
0 29 0
0 30 0
0 31 0
0 32 0
0 33 0
0 34 0
0 35 0
0 36 0
0 37 0
0 38 0
0 39 0
0 40 0
0 41 0
0 42 0
0 43 0
0 44 0
0 45 0
0 46 0
0 47 0
0 48 0
0 49 0
0 50 0
0 51 0
0 52 0
0 53 0
0 54 0
0 55 0
0 56 0
0 57 0
0 58 0
0 59 0
1 0 0
1 1 1
1 2 2
1 3 3
1 4 4
1 5 5
1 6 6
1 7 7
1 8 8
1 9 9
1 10 10
1 11 11
1 12 12
1 13 13
1 14 14
1 15 15
1 16 16
1 17 17
1 18 18
1 19 19
1 20 20
1 21 21
1 22 22
1 23 23
1 24 24
1 25 25
1 26 26
1 27 27
1 28 28
1 29 29
1 30 30
1 31 31
1 32 32
1 33 33
1 34 34
1 35 35
1 36 36
1 37 37
1 38 38
1 39 39
1 40 40
1 41 41
1 42 42
1 43 43
1 44 44
1 45 45
1 46 46
1 47 47
1 48 48
1 49 49
1 50 50
1 51 51
1 52 52
1 53 53
1 54 54
1 55 55
1 56 56
1 57 57
1 58 58
1 59 59
2 0 0
2 1 2
2 2 4
2 3 6
2 4 8
2 5 10
2 6 12
2 7 14
2 8 16
2 9 18
2 10 20
2 11 22
2 12 24
2 13 26
2 14 28
2 15 30
2 16 32
2 17 34
2 18 36
2 19 38
2 20 40
2 21 42
2 22 44
2 23 46
2 24 48
2 25 50
2 26 52
2 27 54
2 28 56
2 29 58
2 30 0
2 31 2
2 32 4
2 33 6
2 34 8
2 35 10
2 36 12
2 37 14
2 38 16
2 39 18
2 40 20
2 41 22
2 42 24
2 43 26
2 44 28
2 45 30
2 46 32
2 47 34
2 48 36
2 49 38
2 50 40
2 51 42
2 52 44
2 53 46
2 54 48
2 55 50
2 56 52
2 57 54
2 58 56
2 59 58
3 0 0
3 1 3
3 2 6
3 3 9
3 4 12
3 5 15
3 6 18
3 7 21
3 8 24
3 9 27
3 10 30
3 11 33
3 12 36
3 13 39
3 14 42
3 15 45
3 16 48
3 17 51
3 18 54
3 19 57
3 20 0
3 21 3
3 22 6
3 23 9
3 24 12
3 25 15
3 26 18
3 27 21
3 28 24
3 29 27
3 30 30
3 31 33
3 32 36
3 33 39
3 34 42
3 35 45
3 36 48
3 37 51
3 38 54
3 39 57
3 40 0
3 41 3
3 42 6
3 43 9
3 44 12
3 45 15
3 46 18
3 47 21
3 48 24
3 49 27
3 50 30
3 51 33
3 52 36
3 53 39
3 54 42
3 55 45
3 56 48
3 57 51
3 58 54
3 59 57
4 0 0
4 1 4
4 2 8
4 3 12
4 4 16
4 5 20
4 6 24
4 7 28
4 8 32
4 9 36
4 10 40
4 11 44
4 12 48
4 13 52
4 14 56
4 15 0
4 16 4
4 17 8
4 18 12
4 19 16
4 20 20
4 21 24
4 22 28
4 23 32
4 24 36
4 25 40
4 26 44
4 27 48
4 28 52
4 29 56
4 30 0
4 31 4
4 32 8
4 33 12
4 34 16
4 35 20
4 36 24
4 37 28
4 38 32
4 39 36
4 40 40
4 41 44
4 42 48
4 43 52
4 44 56
4 45 0
4 46 4
4 47 8
4 48 12
4 49 16
4 50 20
4 51 24
4 52 28
4 53 32
4 54 36
4 55 40
4 56 44
4 57 48
4 58 52
4 59 56
5 0 0
5 1 5
5 2 10
5 3 15
5 4 20
5 5 25
5 6 30
5 7 35
5 8 40
5 9 45
5 10 50
5 11 55
5 12 0
5 13 5
5 14 10
5 15 15
5 16 20
5 17 25
5 18 30
5 19 35
5 20 40
5 21 45
5 22 50
5 23 55
5 24 0
5 25 5
5 26 10
5 27 15
5 28 20
5 29 25
5 30 30
5 31 35
5 32 40
5 33 45
5 34 50
5 35 55
5 36 0
5 37 5
5 38 10
5 39 15
5 40 20
5 41 25
5 42 30
5 43 35
5 44 40
5 45 45
5 46 50
5 47 55
5 48 0
5 49 5
5 50 10
5 51 15
5 52 20
5 53 25
5 54 30
5 55 35
5 56 40
5 57 45
5 58 50
5 59 55
6 0 0
6 1 6
6 2 12
6 3 18
6 4 24
6 5 30
6 6 36
6 7 42
6 8 48
6 9 54
6 10 0
6 11 6
6 12 12
6 13 18
6 14 24
6 15 30
6 16 36
6 17 42
6 18 48
6 19 54
6 20 0
6 21 6
6 22 12
6 23 18
6 24 24
6 25 30
6 26 36
6 27 42
6 28 48
6 29 54
6 30 0
6 31 6
6 32 12
6 33 18
6 34 24
6 35 30
6 36 36
6 37 42
6 38 48
6 39 54
6 40 0
6 41 6
6 42 12
6 43 18
6 44 24
6 45 30
6 46 36
6 47 42
6 48 48
6 49 54
6 50 0
6 51 6
6 52 12
6 53 18
6 54 24
6 55 30
6 56 36
6 57 42
6 58 48
6 59 54
7 0 0
7 1 7
7 2 14
7 3 21
7 4 28
7 5 35
7 6 42
7 7 49
7 8 56
7 9 3
7 10 10
7 11 17
7 12 24
7 13 31
7 14 38
7 15 45
7 16 52
7 17 59
7 18 6
7 19 13
7 20 20
7 21 27
7 22 34
7 23 41
7 24 48
7 25 55
7 26 2
7 27 9
7 28 16
7 29 23
7 30 30
7 31 37
7 32 44
7 33 51
7 34 58
7 35 5
7 36 12
7 37 19
7 38 26
7 39 33
7 40 40
7 41 47
7 42 54
7 43 1
7 44 8
7 45 15
7 46 22
7 47 29
7 48 36
7 49 43
7 50 50
7 51 57
7 52 4
7 53 11
7 54 18
7 55 25
7 56 32
7 57 39
7 58 46
7 59 53
8 0 0
8 1 8
8 2 16
8 3 24
8 4 32
8 5 40
8 6 48
8 7 56
8 8 4
8 9 12
8 10 20
8 11 28
8 12 36
8 13 44
8 14 52
8 15 0
8 16 8
8 17 16
8 18 24
8 19 32
8 20 40
8 21 48
8 22 56
8 23 4
8 24 12
8 25 20
8 26 28
8 27 36
8 28 44
8 29 52
8 30 0
8 31 8
8 32 16
8 33 24
8 34 32
8 35 40
8 36 48
8 37 56
8 38 4
8 39 12
8 40 20
8 41 28
8 42 36
8 43 44
8 44 52
8 45 0
8 46 8
8 47 16
8 48 24
8 49 32
8 50 40
8 51 48
8 52 56
8 53 4
8 54 12
8 55 20
8 56 28
8 57 36
8 58 44
8 59 52
9 0 0
9 1 9
9 2 18
9 3 27
9 4 36
9 5 45
9 6 54
9 7 3
9 8 12
9 9 21
9 10 30
9 11 39
9 12 48
9 13 57
9 14 6
9 15 15
9 16 24
9 17 33
9 18 42
9 19 51
9 20 0
9 21 9
9 22 18
9 23 27
9 24 36
9 25 45
9 26 54
9 27 3
9 28 12
9 29 21
9 30 30
9 31 39
9 32 48
9 33 57
9 34 6
9 35 15
9 36 24
9 37 33
9 38 42
9 39 51
9 40 0
9 41 9
9 42 18
9 43 27
9 44 36
9 45 45
9 46 54
9 47 3
9 48 12
9 49 21
9 50 30
9 51 39
9 52 48
9 53 57
9 54 6
9 55 15
9 56 24
9 57 33
9 58 42
9 59 51
10 0 0
10 1 10
10 2 20
10 3 30
10 4 40
10 5 50
10 6 0
10 7 10
10 8 20
10 9 30
10 10 40
10 11 50
10 12 0
10 13 10
10 14 20
10 15 30
10 16 40
10 17 50
10 18 0
10 19 10
10 20 20
10 21 30
10 22 40
10 23 50
10 24 0
10 25 10
10 26 20
10 27 30
10 28 40
10 29 50
10 30 0
10 31 10
10 32 20
10 33 30
10 34 40
10 35 50
10 36 0
10 37 10
10 38 20
10 39 30
10 40 40
10 41 50
10 42 0
10 43 10
10 44 20
10 45 30
10 46 40
10 47 50
10 48 0
10 49 10
10 50 20
10 51 30
10 52 40
10 53 50
10 54 0
10 55 10
10 56 20
10 57 30
10 58 40
10 59 50
11 0 0
11 1 11
11 2 22
11 3 33
11 4 44
11 5 55
11 6 6
11 7 17
11 8 28
11 9 39
11 10 50
11 11 1
11 12 12
11 13 23
11 14 34
11 15 45
11 16 56
11 17 7
11 18 18
11 19 29
11 20 40
11 21 51
11 22 2
11 23 13
11 24 24
11 25 35
11 26 46
11 27 57
11 28 8
11 29 19
11 30 30
11 31 41
11 32 52
11 33 3
11 34 14
11 35 25
11 36 36
11 37 47
11 38 58
11 39 9
11 40 20
11 41 31
11 42 42
11 43 53
11 44 4
11 45 15
11 46 26
11 47 37
11 48 48
11 49 59
11 50 10
11 51 21
11 52 32
11 53 43
11 54 54
11 55 5
11 56 16
11 57 27
11 58 38
11 59 49
12 0 0
12 1 12
12 2 24
12 3 36
12 4 48
12 5 0
12 6 12
12 7 24
12 8 36
12 9 48
12 10 0
12 11 12
12 12 24
12 13 36
12 14 48
12 15 0
12 16 12
12 17 24
12 18 36
12 19 48
12 20 0
12 21 12
12 22 24
12 23 36
12 24 48
12 25 0
12 26 12
12 27 24
12 28 36
12 29 48
12 30 0
12 31 12
12 32 24
12 33 36
12 34 48
12 35 0
12 36 12
12 37 24
12 38 36
12 39 48
12 40 0
12 41 12
12 42 24
12 43 36
12 44 48
12 45 0
12 46 12
12 47 24
12 48 36
12 49 48
12 50 0
12 51 12
12 52 24
12 53 36
12 54 48
12 55 0
12 56 12
12 57 24
12 58 36
12 59 48
13 0 0
13 1 13
13 2 26
13 3 39
13 4 52
13 5 5
13 6 18
13 7 31
13 8 44
13 9 57
13 10 10
13 11 23
13 12 36
13 13 49
13 14 2
13 15 15
13 16 28
13 17 41
13 18 54
13 19 7
13 20 20
13 21 33
13 22 46
13 23 59
13 24 12
13 25 25
13 26 38
13 27 51
13 28 4
13 29 17
13 30 30
13 31 43
13 32 56
13 33 9
13 34 22
13 35 35
13 36 48
13 37 1
13 38 14
13 39 27
13 40 40
13 41 53
13 42 6
13 43 19
13 44 32
13 45 45
13 46 58
13 47 11
13 48 24
13 49 37
13 50 50
13 51 3
13 52 16
13 53 29
13 54 42
13 55 55
13 56 8
13 57 21
13 58 34
13 59 47
14 0 0
14 1 14
14 2 28
14 3 42
14 4 56
14 5 10
14 6 24
14 7 38
14 8 52
14 9 6
14 10 20
14 11 34
14 12 48
14 13 2
14 14 16
14 15 30
14 16 44
14 17 58
14 18 12
14 19 26
14 20 40
14 21 54
14 22 8
14 23 22
14 24 36
14 25 50
14 26 4
14 27 18
14 28 32
14 29 46
14 30 0
14 31 14
14 32 28
14 33 42
14 34 56
14 35 10
14 36 24
14 37 38
14 38 52
14 39 6
14 40 20
14 41 34
14 42 48
14 43 2
14 44 16
14 45 30
14 46 44
14 47 58
14 48 12
14 49 26
14 50 40
14 51 54
14 52 8
14 53 22
14 54 36
14 55 50
14 56 4
14 57 18
14 58 32
14 59 46
15 0 0
15 1 15
15 2 30
15 3 45
15 4 0
15 5 15
15 6 30
15 7 45
15 8 0
15 9 15
15 10 30
15 11 45
15 12 0
15 13 15
15 14 30
15 15 45
15 16 0
15 17 15
15 18 30
15 19 45
15 20 0
15 21 15
15 22 30
15 23 45
15 24 0
15 25 15
15 26 30
15 27 45
15 28 0
15 29 15
15 30 30
15 31 45
15 32 0
15 33 15
15 34 30
15 35 45
15 36 0
15 37 15
15 38 30
15 39 45
15 40 0
15 41 15
15 42 30
15 43 45
15 44 0
15 45 15
15 46 30
15 47 45
15 48 0
15 49 15
15 50 30
15 51 45
15 52 0
15 53 15
15 54 30
15 55 45
15 56 0
15 57 15
15 58 30
15 59 45
16 0 0
16 1 16
16 2 32
16 3 48
16 4 4
16 5 20
16 6 36
16 7 52
16 8 8
16 9 24
16 10 40
16 11 56
16 12 12
16 13 28
16 14 44
16 15 0
16 16 16
16 17 32
16 18 48
16 19 4
16 20 20
16 21 36
16 22 52
16 23 8
16 24 24
16 25 40
16 26 56
16 27 12
16 28 28
16 29 44
16 30 0
16 31 16
16 32 32
16 33 48
16 34 4
16 35 20
16 36 36
16 37 52
16 38 8
16 39 24
16 40 40
16 41 56
16 42 12
16 43 28
16 44 44
16 45 0
16 46 16
16 47 32
16 48 48
16 49 4
16 50 20
16 51 36
16 52 52
16 53 8
16 54 24
16 55 40
16 56 56
16 57 12
16 58 28
16 59 44
17 0 0
17 1 17
17 2 34
17 3 51
17 4 8
17 5 25
17 6 42
17 7 59
17 8 16
17 9 33
17 10 50
17 11 7
17 12 24
17 13 41
17 14 58
17 15 15
17 16 32
17 17 49
17 18 6
17 19 23
17 20 40
17 21 57
17 22 14
17 23 31
17 24 48
17 25 5
17 26 22
17 27 39
17 28 56
17 29 13
17 30 30
17 31 47
17 32 4
17 33 21
17 34 38
17 35 55
17 36 12
17 37 29
17 38 46
17 39 3
17 40 20
17 41 37
17 42 54
17 43 11
17 44 28
17 45 45
17 46 2
17 47 19
17 48 36
17 49 53
17 50 10
17 51 27
17 52 44
17 53 1
17 54 18
17 55 35
17 56 52
17 57 9
17 58 26
17 59 43
18 0 0
18 1 18
18 2 36
18 3 54
18 4 12
18 5 30
18 6 48
18 7 6
18 8 24
18 9 42
18 10 0
18 11 18
18 12 36
18 13 54
18 14 12
18 15 30
18 16 48
18 17 6
18 18 24
18 19 42
18 20 0
18 21 18
18 22 36
18 23 54
18 24 12
18 25 30
18 26 48
18 27 6
18 28 24
18 29 42
18 30 0
18 31 18
18 32 36
18 33 54
18 34 12
18 35 30
18 36 48
18 37 6
18 38 24
18 39 42
18 40 0
18 41 18
18 42 36
18 43 54
18 44 12
18 45 30
18 46 48
18 47 6
18 48 24
18 49 42
18 50 0
18 51 18
18 52 36
18 53 54
18 54 12
18 55 30
18 56 48
18 57 6
18 58 24
18 59 42
19 0 0
19 1 19
19 2 38
19 3 57
19 4 16
19 5 35
19 6 54
19 7 13
19 8 32
19 9 51
19 10 10
19 11 29
19 12 48
19 13 7
19 14 26
19 15 45
19 16 4
19 17 23
19 18 42
19 19 1
19 20 20
19 21 39
19 22 58
19 23 17
19 24 36
19 25 55
19 26 14
19 27 33
19 28 52
19 29 11
19 30 30
19 31 49
19 32 8
19 33 27
19 34 46
19 35 5
19 36 24
19 37 43
19 38 2
19 39 21
19 40 40
19 41 59
19 42 18
19 43 37
19 44 56
19 45 15
19 46 34
19 47 53
19 48 12
19 49 31
19 50 50
19 51 9
19 52 28
19 53 47
19 54 6
19 55 25
19 56 44
19 57 3
19 58 22
19 59 41
20 0 0
20 1 20
20 2 40
20 3 0
20 4 20
20 5 40
20 6 0
20 7 20
20 8 40
20 9 0
20 10 20
20 11 40
20 12 0
20 13 20
20 14 40
20 15 0
20 16 20
20 17 40
20 18 0
20 19 20
20 20 40
20 21 0
20 22 20
20 23 40
20 24 0
20 25 20
20 26 40
20 27 0
20 28 20
20 29 40
20 30 0
20 31 20
20 32 40
20 33 0
20 34 20
20 35 40
20 36 0
20 37 20
20 38 40
20 39 0
20 40 20
20 41 40
20 42 0
20 43 20
20 44 40
20 45 0
20 46 20
20 47 40
20 48 0
20 49 20
20 50 40
20 51 0
20 52 20
20 53 40
20 54 0
20 55 20
20 56 40
20 57 0
20 58 20
20 59 40
21 0 0
21 1 21
21 2 42
21 3 3
21 4 24
21 5 45
21 6 6
21 7 27
21 8 48
21 9 9
21 10 30
21 11 51
21 12 12
21 13 33
21 14 54
21 15 15
21 16 36
21 17 57
21 18 18
21 19 39
21 20 0
21 21 21
21 22 42
21 23 3
21 24 24
21 25 45
21 26 6
21 27 27
21 28 48
21 29 9
21 30 30
21 31 51
21 32 12
21 33 33
21 34 54
21 35 15
21 36 36
21 37 57
21 38 18
21 39 39
21 40 0
21 41 21
21 42 42
21 43 3
21 44 24
21 45 45
21 46 6
21 47 27
21 48 48
21 49 9
21 50 30
21 51 51
21 52 12
21 53 33
21 54 54
21 55 15
21 56 36
21 57 57
21 58 18
21 59 39
22 0 0
22 1 22
22 2 44
22 3 6
22 4 28
22 5 50
22 6 12
22 7 34
22 8 56
22 9 18
22 10 40
22 11 2
22 12 24
22 13 46
22 14 8
22 15 30
22 16 52
22 17 14
22 18 36
22 19 58
22 20 20
22 21 42
22 22 4
22 23 26
22 24 48
22 25 10
22 26 32
22 27 54
22 28 16
22 29 38
22 30 0
22 31 22
22 32 44
22 33 6
22 34 28
22 35 50
22 36 12
22 37 34
22 38 56
22 39 18
22 40 40
22 41 2
22 42 24
22 43 46
22 44 8
22 45 30
22 46 52
22 47 14
22 48 36
22 49 58
22 50 20
22 51 42
22 52 4
22 53 26
22 54 48
22 55 10
22 56 32
22 57 54
22 58 16
22 59 38
23 0 0
23 1 23
23 2 46
23 3 9
23 4 32
23 5 55
23 6 18
23 7 41
23 8 4
23 9 27
23 10 50
23 11 13
23 12 36
23 13 59
23 14 22
23 15 45
23 16 8
23 17 31
23 18 54
23 19 17
23 20 40
23 21 3
23 22 26
23 23 49
23 24 12
23 25 35
23 26 58
23 27 21
23 28 44
23 29 7
23 30 30
23 31 53
23 32 16
23 33 39
23 34 2
23 35 25
23 36 48
23 37 11
23 38 34
23 39 57
23 40 20
23 41 43
23 42 6
23 43 29
23 44 52
23 45 15
23 46 38
23 47 1
23 48 24
23 49 47
23 50 10
23 51 33
23 52 56
23 53 19
23 54 42
23 55 5
23 56 28
23 57 51
23 58 14
23 59 37
24 0 0
24 1 24
24 2 48
24 3 12
24 4 36
24 5 0
24 6 24
24 7 48
24 8 12
24 9 36
24 10 0
24 11 24
24 12 48
24 13 12
24 14 36
24 15 0
24 16 24
24 17 48
24 18 12
24 19 36
24 20 0
24 21 24
24 22 48
24 23 12
24 24 36
24 25 0
24 26 24
24 27 48
24 28 12
24 29 36
24 30 0
24 31 24
24 32 48
24 33 12
24 34 36
24 35 0
24 36 24
24 37 48
24 38 12
24 39 36
24 40 0
24 41 24
24 42 48
24 43 12
24 44 36
24 45 0
24 46 24
24 47 48
24 48 12
24 49 36
24 50 0
24 51 24
24 52 48
24 53 12
24 54 36
24 55 0
24 56 24
24 57 48
24 58 12
24 59 36
25 0 0
25 1 25
25 2 50
25 3 15
25 4 40
25 5 5
25 6 30
25 7 55
25 8 20
25 9 45
25 10 10
25 11 35
25 12 0
25 13 25
25 14 50
25 15 15
25 16 40
25 17 5
25 18 30
25 19 55
25 20 20
25 21 45
25 22 10
25 23 35
25 24 0
25 25 25
25 26 50
25 27 15
25 28 40
25 29 5
25 30 30
25 31 55
25 32 20
25 33 45
25 34 10
25 35 35
25 36 0
25 37 25
25 38 50
25 39 15
25 40 40
25 41 5
25 42 30
25 43 55
25 44 20
25 45 45
25 46 10
25 47 35
25 48 0
25 49 25
25 50 50
25 51 15
25 52 40
25 53 5
25 54 30
25 55 55
25 56 20
25 57 45
25 58 10
25 59 35
26 0 0
26 1 26
26 2 52
26 3 18
26 4 44
26 5 10
26 6 36
26 7 2
26 8 28
26 9 54
26 10 20
26 11 46
26 12 12
26 13 38
26 14 4
26 15 30
26 16 56
26 17 22
26 18 48
26 19 14
26 20 40
26 21 6
26 22 32
26 23 58
26 24 24
26 25 50
26 26 16
26 27 42
26 28 8
26 29 34
26 30 0
26 31 26
26 32 52
26 33 18
26 34 44
26 35 10
26 36 36
26 37 2
26 38 28
26 39 54
26 40 20
26 41 46
26 42 12
26 43 38
26 44 4
26 45 30
26 46 56
26 47 22
26 48 48
26 49 14
26 50 40
26 51 6
26 52 32
26 53 58
26 54 24
26 55 50
26 56 16
26 57 42
26 58 8
26 59 34
27 0 0
27 1 27
27 2 54
27 3 21
27 4 48
27 5 15
27 6 42
27 7 9
27 8 36
27 9 3
27 10 30
27 11 57
27 12 24
27 13 51
27 14 18
27 15 45
27 16 12
27 17 39
27 18 6
27 19 33
27 20 0
27 21 27
27 22 54
27 23 21
27 24 48
27 25 15
27 26 42
27 27 9
27 28 36
27 29 3
27 30 30
27 31 57
27 32 24
27 33 51
27 34 18
27 35 45
27 36 12
27 37 39
27 38 6
27 39 33
27 40 0
27 41 27
27 42 54
27 43 21
27 44 48
27 45 15
27 46 42
27 47 9
27 48 36
27 49 3
27 50 30
27 51 57
27 52 24
27 53 51
27 54 18
27 55 45
27 56 12
27 57 39
27 58 6
27 59 33
28 0 0
28 1 28
28 2 56
28 3 24
28 4 52
28 5 20
28 6 48
28 7 16
28 8 44
28 9 12
28 10 40
28 11 8
28 12 36
28 13 4
28 14 32
28 15 0
28 16 28
28 17 56
28 18 24
28 19 52
28 20 20
28 21 48
28 22 16
28 23 44
28 24 12
28 25 40
28 26 8
28 27 36
28 28 4
28 29 32
28 30 0
28 31 28
28 32 56
28 33 24
28 34 52
28 35 20
28 36 48
28 37 16
28 38 44
28 39 12
28 40 40
28 41 8
28 42 36
28 43 4
28 44 32
28 45 0
28 46 28
28 47 56
28 48 24
28 49 52
28 50 20
28 51 48
28 52 16
28 53 44
28 54 12
28 55 40
28 56 8
28 57 36
28 58 4
28 59 32
29 0 0
29 1 29
29 2 58
29 3 27
29 4 56
29 5 25
29 6 54
29 7 23
29 8 52
29 9 21
29 10 50
29 11 19
29 12 48
29 13 17
29 14 46
29 15 15
29 16 44
29 17 13
29 18 42
29 19 11
29 20 40
29 21 9
29 22 38
29 23 7
29 24 36
29 25 5
29 26 34
29 27 3
29 28 32
29 29 1
29 30 30
29 31 59
29 32 28
29 33 57
29 34 26
29 35 55
29 36 24
29 37 53
29 38 22
29 39 51
29 40 20
29 41 49
29 42 18
29 43 47
29 44 16
29 45 45
29 46 14
29 47 43
29 48 12
29 49 41
29 50 10
29 51 39
29 52 8
29 53 37
29 54 6
29 55 35
29 56 4
29 57 33
29 58 2
29 59 31
30 0 0
30 1 30
30 2 0
30 3 30
30 4 0
30 5 30
30 6 0
30 7 30
30 8 0
30 9 30
30 10 0
30 11 30
30 12 0
30 13 30
30 14 0
30 15 30
30 16 0
30 17 30
30 18 0
30 19 30
30 20 0
30 21 30
30 22 0
30 23 30
30 24 0
30 25 30
30 26 0
30 27 30
30 28 0
30 29 30
30 30 0
30 31 30
30 32 0
30 33 30
30 34 0
30 35 30
30 36 0
30 37 30
30 38 0
30 39 30
30 40 0
30 41 30
30 42 0
30 43 30
30 44 0
30 45 30
30 46 0
30 47 30
30 48 0
30 49 30
30 50 0
30 51 30
30 52 0
30 53 30
30 54 0
30 55 30
30 56 0
30 57 30
30 58 0
30 59 30
31 0 0
31 1 31
31 2 2
31 3 33
31 4 4
31 5 35
31 6 6
31 7 37
31 8 8
31 9 39
31 10 10
31 11 41
31 12 12
31 13 43
31 14 14
31 15 45
31 16 16
31 17 47
31 18 18
31 19 49
31 20 20
31 21 51
31 22 22
31 23 53
31 24 24
31 25 55
31 26 26
31 27 57
31 28 28
31 29 59
31 30 30
31 31 1
31 32 32
31 33 3
31 34 34
31 35 5
31 36 36
31 37 7
31 38 38
31 39 9
31 40 40
31 41 11
31 42 42
31 43 13
31 44 44
31 45 15
31 46 46
31 47 17
31 48 48
31 49 19
31 50 50
31 51 21
31 52 52
31 53 23
31 54 54
31 55 25
31 56 56
31 57 27
31 58 58
31 59 29
32 0 0
32 1 32
32 2 4
32 3 36
32 4 8
32 5 40
32 6 12
32 7 44
32 8 16
32 9 48
32 10 20
32 11 52
32 12 24
32 13 56
32 14 28
32 15 0
32 16 32
32 17 4
32 18 36
32 19 8
32 20 40
32 21 12
32 22 44
32 23 16
32 24 48
32 25 20
32 26 52
32 27 24
32 28 56
32 29 28
32 30 0
32 31 32
32 32 4
32 33 36
32 34 8
32 35 40
32 36 12
32 37 44
32 38 16
32 39 48
32 40 20
32 41 52
32 42 24
32 43 56
32 44 28
32 45 0
32 46 32
32 47 4
32 48 36
32 49 8
32 50 40
32 51 12
32 52 44
32 53 16
32 54 48
32 55 20
32 56 52
32 57 24
32 58 56
32 59 28
33 0 0
33 1 33
33 2 6
33 3 39
33 4 12
33 5 45
33 6 18
33 7 51
33 8 24
33 9 57
33 10 30
33 11 3
33 12 36
33 13 9
33 14 42
33 15 15
33 16 48
33 17 21
33 18 54
33 19 27
33 20 0
33 21 33
33 22 6
33 23 39
33 24 12
33 25 45
33 26 18
33 27 51
33 28 24
33 29 57
33 30 30
33 31 3
33 32 36
33 33 9
33 34 42
33 35 15
33 36 48
33 37 21
33 38 54
33 39 27
33 40 0
33 41 33
33 42 6
33 43 39
33 44 12
33 45 45
33 46 18
33 47 51
33 48 24
33 49 57
33 50 30
33 51 3
33 52 36
33 53 9
33 54 42
33 55 15
33 56 48
33 57 21
33 58 54
33 59 27
34 0 0
34 1 34
34 2 8
34 3 42
34 4 16
34 5 50
34 6 24
34 7 58
34 8 32
34 9 6
34 10 40
34 11 14
34 12 48
34 13 22
34 14 56
34 15 30
34 16 4
34 17 38
34 18 12
34 19 46
34 20 20
34 21 54
34 22 28
34 23 2
34 24 36
34 25 10
34 26 44
34 27 18
34 28 52
34 29 26
34 30 0
34 31 34
34 32 8
34 33 42
34 34 16
34 35 50
34 36 24
34 37 58
34 38 32
34 39 6
34 40 40
34 41 14
34 42 48
34 43 22
34 44 56
34 45 30
34 46 4
34 47 38
34 48 12
34 49 46
34 50 20
34 51 54
34 52 28
34 53 2
34 54 36
34 55 10
34 56 44
34 57 18
34 58 52
34 59 26
35 0 0
35 1 35
35 2 10
35 3 45
35 4 20
35 5 55
35 6 30
35 7 5
35 8 40
35 9 15
35 10 50
35 11 25
35 12 0
35 13 35
35 14 10
35 15 45
35 16 20
35 17 55
35 18 30
35 19 5
35 20 40
35 21 15
35 22 50
35 23 25
35 24 0
35 25 35
35 26 10
35 27 45
35 28 20
35 29 55
35 30 30
35 31 5
35 32 40
35 33 15
35 34 50
35 35 25
35 36 0
35 37 35
35 38 10
35 39 45
35 40 20
35 41 55
35 42 30
35 43 5
35 44 40
35 45 15
35 46 50
35 47 25
35 48 0
35 49 35
35 50 10
35 51 45
35 52 20
35 53 55
35 54 30
35 55 5
35 56 40
35 57 15
35 58 50
35 59 25
36 0 0
36 1 36
36 2 12
36 3 48
36 4 24
36 5 0
36 6 36
36 7 12
36 8 48
36 9 24
36 10 0
36 11 36
36 12 12
36 13 48
36 14 24
36 15 0
36 16 36
36 17 12
36 18 48
36 19 24
36 20 0
36 21 36
36 22 12
36 23 48
36 24 24
36 25 0
36 26 36
36 27 12
36 28 48
36 29 24
36 30 0
36 31 36
36 32 12
36 33 48
36 34 24
36 35 0
36 36 36
36 37 12
36 38 48
36 39 24
36 40 0
36 41 36
36 42 12
36 43 48
36 44 24
36 45 0
36 46 36
36 47 12
36 48 48
36 49 24
36 50 0
36 51 36
36 52 12
36 53 48
36 54 24
36 55 0
36 56 36
36 57 12
36 58 48
36 59 24
37 0 0
37 1 37
37 2 14
37 3 51
37 4 28
37 5 5
37 6 42
37 7 19
37 8 56
37 9 33
37 10 10
37 11 47
37 12 24
37 13 1
37 14 38
37 15 15
37 16 52
37 17 29
37 18 6
37 19 43
37 20 20
37 21 57
37 22 34
37 23 11
37 24 48
37 25 25
37 26 2
37 27 39
37 28 16
37 29 53
37 30 30
37 31 7
37 32 44
37 33 21
37 34 58
37 35 35
37 36 12
37 37 49
37 38 26
37 39 3
37 40 40
37 41 17
37 42 54
37 43 31
37 44 8
37 45 45
37 46 22
37 47 59
37 48 36
37 49 13
37 50 50
37 51 27
37 52 4
37 53 41
37 54 18
37 55 55
37 56 32
37 57 9
37 58 46
37 59 23
38 0 0
38 1 38
38 2 16
38 3 54
38 4 32
38 5 10
38 6 48
38 7 26
38 8 4
38 9 42
38 10 20
38 11 58
38 12 36
38 13 14
38 14 52
38 15 30
38 16 8
38 17 46
38 18 24
38 19 2
38 20 40
38 21 18
38 22 56
38 23 34
38 24 12
38 25 50
38 26 28
38 27 6
38 28 44
38 29 22
38 30 0
38 31 38
38 32 16
38 33 54
38 34 32
38 35 10
38 36 48
38 37 26
38 38 4
38 39 42
38 40 20
38 41 58
38 42 36
38 43 14
38 44 52
38 45 30
38 46 8
38 47 46
38 48 24
38 49 2
38 50 40
38 51 18
38 52 56
38 53 34
38 54 12
38 55 50
38 56 28
38 57 6
38 58 44
38 59 22
39 0 0
39 1 39
39 2 18
39 3 57
39 4 36
39 5 15
39 6 54
39 7 33
39 8 12
39 9 51
39 10 30
39 11 9
39 12 48
39 13 27
39 14 6
39 15 45
39 16 24
39 17 3
39 18 42
39 19 21
39 20 0
39 21 39
39 22 18
39 23 57
39 24 36
39 25 15
39 26 54
39 27 33
39 28 12
39 29 51
39 30 30
39 31 9
39 32 48
39 33 27
39 34 6
39 35 45
39 36 24
39 37 3
39 38 42
39 39 21
39 40 0
39 41 39
39 42 18
39 43 57
39 44 36
39 45 15
39 46 54
39 47 33
39 48 12
39 49 51
39 50 30
39 51 9
39 52 48
39 53 27
39 54 6
39 55 45
39 56 24
39 57 3
39 58 42
39 59 21
40 0 0
40 1 40
40 2 20
40 3 0
40 4 40
40 5 20
40 6 0
40 7 40
40 8 20
40 9 0
40 10 40
40 11 20
40 12 0
40 13 40
40 14 20
40 15 0
40 16 40
40 17 20
40 18 0
40 19 40
40 20 20
40 21 0
40 22 40
40 23 20
40 24 0
40 25 40
40 26 20
40 27 0
40 28 40
40 29 20
40 30 0
40 31 40
40 32 20
40 33 0
40 34 40
40 35 20
40 36 0
40 37 40
40 38 20
40 39 0
40 40 40
40 41 20
40 42 0
40 43 40
40 44 20
40 45 0
40 46 40
40 47 20
40 48 0
40 49 40
40 50 20
40 51 0
40 52 40
40 53 20
40 54 0
40 55 40
40 56 20
40 57 0
40 58 40
40 59 20
41 0 0
41 1 41
41 2 22
41 3 3
41 4 44
41 5 25
41 6 6
41 7 47
41 8 28
41 9 9
41 10 50
41 11 31
41 12 12
41 13 53
41 14 34
41 15 15
41 16 56
41 17 37
41 18 18
41 19 59
41 20 40
41 21 21
41 22 2
41 23 43
41 24 24
41 25 5
41 26 46
41 27 27
41 28 8
41 29 49
41 30 30
41 31 11
41 32 52
41 33 33
41 34 14
41 35 55
41 36 36
41 37 17
41 38 58
41 39 39
41 40 20
41 41 1
41 42 42
41 43 23
41 44 4
41 45 45
41 46 26
41 47 7
41 48 48
41 49 29
41 50 10
41 51 51
41 52 32
41 53 13
41 54 54
41 55 35
41 56 16
41 57 57
41 58 38
41 59 19
42 0 0
42 1 42
42 2 24
42 3 6
42 4 48
42 5 30
42 6 12
42 7 54
42 8 36
42 9 18
42 10 0
42 11 42
42 12 24
42 13 6
42 14 48
42 15 30
42 16 12
42 17 54
42 18 36
42 19 18
42 20 0
42 21 42
42 22 24
42 23 6
42 24 48
42 25 30
42 26 12
42 27 54
42 28 36
42 29 18
42 30 0
42 31 42
42 32 24
42 33 6
42 34 48
42 35 30
42 36 12
42 37 54
42 38 36
42 39 18
42 40 0
42 41 42
42 42 24
42 43 6
42 44 48
42 45 30
42 46 12
42 47 54
42 48 36
42 49 18
42 50 0
42 51 42
42 52 24
42 53 6
42 54 48
42 55 30
42 56 12
42 57 54
42 58 36
42 59 18
43 0 0
43 1 43
43 2 26
43 3 9
43 4 52
43 5 35
43 6 18
43 7 1
43 8 44
43 9 27
43 10 10
43 11 53
43 12 36
43 13 19
43 14 2
43 15 45
43 16 28
43 17 11
43 18 54
43 19 37
43 20 20
43 21 3
43 22 46
43 23 29
43 24 12
43 25 55
43 26 38
43 27 21
43 28 4
43 29 47
43 30 30
43 31 13
43 32 56
43 33 39
43 34 22
43 35 5
43 36 48
43 37 31
43 38 14
43 39 57
43 40 40
43 41 23
43 42 6
43 43 49
43 44 32
43 45 15
43 46 58
43 47 41
43 48 24
43 49 7
43 50 50
43 51 33
43 52 16
43 53 59
43 54 42
43 55 25
43 56 8
43 57 51
43 58 34
43 59 17
44 0 0
44 1 44
44 2 28
44 3 12
44 4 56
44 5 40
44 6 24
44 7 8
44 8 52
44 9 36
44 10 20
44 11 4
44 12 48
44 13 32
44 14 16
44 15 0
44 16 44
44 17 28
44 18 12
44 19 56
44 20 40
44 21 24
44 22 8
44 23 52
44 24 36
44 25 20
44 26 4
44 27 48
44 28 32
44 29 16
44 30 0
44 31 44
44 32 28
44 33 12
44 34 56
44 35 40
44 36 24
44 37 8
44 38 52
44 39 36
44 40 20
44 41 4
44 42 48
44 43 32
44 44 16
44 45 0
44 46 44
44 47 28
44 48 12
44 49 56
44 50 40
44 51 24
44 52 8
44 53 52
44 54 36
44 55 20
44 56 4
44 57 48
44 58 32
44 59 16
45 0 0
45 1 45
45 2 30
45 3 15
45 4 0
45 5 45
45 6 30
45 7 15
45 8 0
45 9 45
45 10 30
45 11 15
45 12 0
45 13 45
45 14 30
45 15 15
45 16 0
45 17 45
45 18 30
45 19 15
45 20 0
45 21 45
45 22 30
45 23 15
45 24 0
45 25 45
45 26 30
45 27 15
45 28 0
45 29 45
45 30 30
45 31 15
45 32 0
45 33 45
45 34 30
45 35 15
45 36 0
45 37 45
45 38 30
45 39 15
45 40 0
45 41 45
45 42 30
45 43 15
45 44 0
45 45 45
45 46 30
45 47 15
45 48 0
45 49 45
45 50 30
45 51 15
45 52 0
45 53 45
45 54 30
45 55 15
45 56 0
45 57 45
45 58 30
45 59 15
46 0 0
46 1 46
46 2 32
46 3 18
46 4 4
46 5 50
46 6 36
46 7 22
46 8 8
46 9 54
46 10 40
46 11 26
46 12 12
46 13 58
46 14 44
46 15 30
46 16 16
46 17 2
46 18 48
46 19 34
46 20 20
46 21 6
46 22 52
46 23 38
46 24 24
46 25 10
46 26 56
46 27 42
46 28 28
46 29 14
46 30 0
46 31 46
46 32 32
46 33 18
46 34 4
46 35 50
46 36 36
46 37 22
46 38 8
46 39 54
46 40 40
46 41 26
46 42 12
46 43 58
46 44 44
46 45 30
46 46 16
46 47 2
46 48 48
46 49 34
46 50 20
46 51 6
46 52 52
46 53 38
46 54 24
46 55 10
46 56 56
46 57 42
46 58 28
46 59 14
47 0 0
47 1 47
47 2 34
47 3 21
47 4 8
47 5 55
47 6 42
47 7 29
47 8 16
47 9 3
47 10 50
47 11 37
47 12 24
47 13 11
47 14 58
47 15 45
47 16 32
47 17 19
47 18 6
47 19 53
47 20 40
47 21 27
47 22 14
47 23 1
47 24 48
47 25 35
47 26 22
47 27 9
47 28 56
47 29 43
47 30 30
47 31 17
47 32 4
47 33 51
47 34 38
47 35 25
47 36 12
47 37 59
47 38 46
47 39 33
47 40 20
47 41 7
47 42 54
47 43 41
47 44 28
47 45 15
47 46 2
47 47 49
47 48 36
47 49 23
47 50 10
47 51 57
47 52 44
47 53 31
47 54 18
47 55 5
47 56 52
47 57 39
47 58 26
47 59 13
48 0 0
48 1 48
48 2 36
48 3 24
48 4 12
48 5 0
48 6 48
48 7 36
48 8 24
48 9 12
48 10 0
48 11 48
48 12 36
48 13 24
48 14 12
48 15 0
48 16 48
48 17 36
48 18 24
48 19 12
48 20 0
48 21 48
48 22 36
48 23 24
48 24 12
48 25 0
48 26 48
48 27 36
48 28 24
48 29 12
48 30 0
48 31 48
48 32 36
48 33 24
48 34 12
48 35 0
48 36 48
48 37 36
48 38 24
48 39 12
48 40 0
48 41 48
48 42 36
48 43 24
48 44 12
48 45 0
48 46 48
48 47 36
48 48 24
48 49 12
48 50 0
48 51 48
48 52 36
48 53 24
48 54 12
48 55 0
48 56 48
48 57 36
48 58 24
48 59 12
49 0 0
49 1 49
49 2 38
49 3 27
49 4 16
49 5 5
49 6 54
49 7 43
49 8 32
49 9 21
49 10 10
49 11 59
49 12 48
49 13 37
49 14 26
49 15 15
49 16 4
49 17 53
49 18 42
49 19 31
49 20 20
49 21 9
49 22 58
49 23 47
49 24 36
49 25 25
49 26 14
49 27 3
49 28 52
49 29 41
49 30 30
49 31 19
49 32 8
49 33 57
49 34 46
49 35 35
49 36 24
49 37 13
49 38 2
49 39 51
49 40 40
49 41 29
49 42 18
49 43 7
49 44 56
49 45 45
49 46 34
49 47 23
49 48 12
49 49 1
49 50 50
49 51 39
49 52 28
49 53 17
49 54 6
49 55 55
49 56 44
49 57 33
49 58 22
49 59 11
50 0 0
50 1 50
50 2 40
50 3 30
50 4 20
50 5 10
50 6 0
50 7 50
50 8 40
50 9 30
50 10 20
50 11 10
50 12 0
50 13 50
50 14 40
50 15 30
50 16 20
50 17 10
50 18 0
50 19 50
50 20 40
50 21 30
50 22 20
50 23 10
50 24 0
50 25 50
50 26 40
50 27 30
50 28 20
50 29 10
50 30 0
50 31 50
50 32 40
50 33 30
50 34 20
50 35 10
50 36 0
50 37 50
50 38 40
50 39 30
50 40 20
50 41 10
50 42 0
50 43 50
50 44 40
50 45 30
50 46 20
50 47 10
50 48 0
50 49 50
50 50 40
50 51 30
50 52 20
50 53 10
50 54 0
50 55 50
50 56 40
50 57 30
50 58 20
50 59 10
51 0 0
51 1 51
51 2 42
51 3 33
51 4 24
51 5 15
51 6 6
51 7 57
51 8 48
51 9 39
51 10 30
51 11 21
51 12 12
51 13 3
51 14 54
51 15 45
51 16 36
51 17 27
51 18 18
51 19 9
51 20 0
51 21 51
51 22 42
51 23 33
51 24 24
51 25 15
51 26 6
51 27 57
51 28 48
51 29 39
51 30 30
51 31 21
51 32 12
51 33 3
51 34 54
51 35 45
51 36 36
51 37 27
51 38 18
51 39 9
51 40 0
51 41 51
51 42 42
51 43 33
51 44 24
51 45 15
51 46 6
51 47 57
51 48 48
51 49 39
51 50 30
51 51 21
51 52 12
51 53 3
51 54 54
51 55 45
51 56 36
51 57 27
51 58 18
51 59 9
52 0 0
52 1 52
52 2 44
52 3 36
52 4 28
52 5 20
52 6 12
52 7 4
52 8 56
52 9 48
52 10 40
52 11 32
52 12 24
52 13 16
52 14 8
52 15 0
52 16 52
52 17 44
52 18 36
52 19 28
52 20 20
52 21 12
52 22 4
52 23 56
52 24 48
52 25 40
52 26 32
52 27 24
52 28 16
52 29 8
52 30 0
52 31 52
52 32 44
52 33 36
52 34 28
52 35 20
52 36 12
52 37 4
52 38 56
52 39 48
52 40 40
52 41 32
52 42 24
52 43 16
52 44 8
52 45 0
52 46 52
52 47 44
52 48 36
52 49 28
52 50 20
52 51 12
52 52 4
52 53 56
52 54 48
52 55 40
52 56 32
52 57 24
52 58 16
52 59 8
53 0 0
53 1 53
53 2 46
53 3 39
53 4 32
53 5 25
53 6 18
53 7 11
53 8 4
53 9 57
53 10 50
53 11 43
53 12 36
53 13 29
53 14 22
53 15 15
53 16 8
53 17 1
53 18 54
53 19 47
53 20 40
53 21 33
53 22 26
53 23 19
53 24 12
53 25 5
53 26 58
53 27 51
53 28 44
53 29 37
53 30 30
53 31 23
53 32 16
53 33 9
53 34 2
53 35 55
53 36 48
53 37 41
53 38 34
53 39 27
53 40 20
53 41 13
53 42 6
53 43 59
53 44 52
53 45 45
53 46 38
53 47 31
53 48 24
53 49 17
53 50 10
53 51 3
53 52 56
53 53 49
53 54 42
53 55 35
53 56 28
53 57 21
53 58 14
53 59 7
54 0 0
54 1 54
54 2 48
54 3 42
54 4 36
54 5 30
54 6 24
54 7 18
54 8 12
54 9 6
54 10 0
54 11 54
54 12 48
54 13 42
54 14 36
54 15 30
54 16 24
54 17 18
54 18 12
54 19 6
54 20 0
54 21 54
54 22 48
54 23 42
54 24 36
54 25 30
54 26 24
54 27 18
54 28 12
54 29 6
54 30 0
54 31 54
54 32 48
54 33 42
54 34 36
54 35 30
54 36 24
54 37 18
54 38 12
54 39 6
54 40 0
54 41 54
54 42 48
54 43 42
54 44 36
54 45 30
54 46 24
54 47 18
54 48 12
54 49 6
54 50 0
54 51 54
54 52 48
54 53 42
54 54 36
54 55 30
54 56 24
54 57 18
54 58 12
54 59 6
55 0 0
55 1 55
55 2 50
55 3 45
55 4 40
55 5 35
55 6 30
55 7 25
55 8 20
55 9 15
55 10 10
55 11 5
55 12 0
55 13 55
55 14 50
55 15 45
55 16 40
55 17 35
55 18 30
55 19 25
55 20 20
55 21 15
55 22 10
55 23 5
55 24 0
55 25 55
55 26 50
55 27 45
55 28 40
55 29 35
55 30 30
55 31 25
55 32 20
55 33 15
55 34 10
55 35 5
55 36 0
55 37 55
55 38 50
55 39 45
55 40 40
55 41 35
55 42 30
55 43 25
55 44 20
55 45 15
55 46 10
55 47 5
55 48 0
55 49 55
55 50 50
55 51 45
55 52 40
55 53 35
55 54 30
55 55 25
55 56 20
55 57 15
55 58 10
55 59 5
56 0 0
56 1 56
56 2 52
56 3 48
56 4 44
56 5 40
56 6 36
56 7 32
56 8 28
56 9 24
56 10 20
56 11 16
56 12 12
56 13 8
56 14 4
56 15 0
56 16 56
56 17 52
56 18 48
56 19 44
56 20 40
56 21 36
56 22 32
56 23 28
56 24 24
56 25 20
56 26 16
56 27 12
56 28 8
56 29 4
56 30 0
56 31 56
56 32 52
56 33 48
56 34 44
56 35 40
56 36 36
56 37 32
56 38 28
56 39 24
56 40 20
56 41 16
56 42 12
56 43 8
56 44 4
56 45 0
56 46 56
56 47 52
56 48 48
56 49 44
56 50 40
56 51 36
56 52 32
56 53 28
56 54 24
56 55 20
56 56 16
56 57 12
56 58 8
56 59 4
57 0 0
57 1 57
57 2 54
57 3 51
57 4 48
57 5 45
57 6 42
57 7 39
57 8 36
57 9 33
57 10 30
57 11 27
57 12 24
57 13 21
57 14 18
57 15 15
57 16 12
57 17 9
57 18 6
57 19 3
57 20 0
57 21 57
57 22 54
57 23 51
57 24 48
57 25 45
57 26 42
57 27 39
57 28 36
57 29 33
57 30 30
57 31 27
57 32 24
57 33 21
57 34 18
57 35 15
57 36 12
57 37 9
57 38 6
57 39 3
57 40 0
57 41 57
57 42 54
57 43 51
57 44 48
57 45 45
57 46 42
57 47 39
57 48 36
57 49 33
57 50 30
57 51 27
57 52 24
57 53 21
57 54 18
57 55 15
57 56 12
57 57 9
57 58 6
57 59 3
58 0 0
58 1 58
58 2 56
58 3 54
58 4 52
58 5 50
58 6 48
58 7 46
58 8 44
58 9 42
58 10 40
58 11 38
58 12 36
58 13 34
58 14 32
58 15 30
58 16 28
58 17 26
58 18 24
58 19 22
58 20 20
58 21 18
58 22 16
58 23 14
58 24 12
58 25 10
58 26 8
58 27 6
58 28 4
58 29 2
58 30 0
58 31 58
58 32 56
58 33 54
58 34 52
58 35 50
58 36 48
58 37 46
58 38 44
58 39 42
58 40 40
58 41 38
58 42 36
58 43 34
58 44 32
58 45 30
58 46 28
58 47 26
58 48 24
58 49 22
58 50 20
58 51 18
58 52 16
58 53 14
58 54 12
58 55 10
58 56 8
58 57 6
58 58 4
58 59 2
59 0 0
59 1 59
59 2 58
59 3 57
59 4 56
59 5 55
59 6 54
59 7 53
59 8 52
59 9 51
59 10 50
59 11 49
59 12 48
59 13 47
59 14 46
59 15 45
59 16 44
59 17 43
59 18 42
59 19 41
59 20 40
59 21 39
59 22 38
59 23 37
59 24 36
59 25 35
59 26 34
59 27 33
59 28 32
59 29 31
59 30 30
59 31 29
59 32 28
59 33 27
59 34 26
59 35 25
59 36 24
59 37 23
59 38 22
59 39 21
59 40 20
59 41 19
59 42 18
59 43 17
59 44 16
59 45 15
59 46 14
59 47 13
59 48 12
59 49 11
59 50 10
59 51 9
59 52 8
59 53 7
59 54 6
59 55 5
59 56 4
59 57 3
59 58 2
59 59 1
34
40
19
1
59
41
34
58
0
25
29
23
51
44
15
30
27
21
25
22
46 6 44
4 43 53
38 24 16
39 50 27
30 16 47
48 22 12
36 15 34
46 56 33
56 25 5
41 42 28
37 9 22
43 54 42
42 26 49
30 30 42
33 30 0
23 15 28
28 25 28
31 38 51
32 23 9
23 29 34
47 20 12
36 14 20
26 46 29
45 13 8
41 28 24
55 14 56
0 56 14
36 41 0
5 52 44
18 25 7
51 34 54
51 39 8
10 34 28
24 54 0
9 8 16
5 55 16
20 7 31
6 18 7
14 34 26
44 57 56
50 24 20
26 56 51
36 13 58
40 48 22
28 1 37
5 0 20
27 40 50
22 49 25
24 43 29
31 17 54
2 56 22
23 42 20
55 51 30
13 50 21
43 28 18
21 50 29
56 49 0
51 2 46
0 2 58
43 37 10
