60
60
60
20
12345
12453
12534
13254
13425
13542
14235
14352
14523
15243
15324
15432
21354
21435
21543
23145
23451
23514
24153
24315
24531
25134
25341
25413
31245
31452
31524
32154
32415
32541
34125
34251
34512
35142
35214
35421
41253
41325
41532
42135
42351
42513
43152
43215
43521
45123
45231
45312
51234
51342
51423
52143
52314
52431
53124
53241
53412
54132
54213
54321
0 0 12345
0 1 12453
0 2 12534
0 3 13254
0 4 13425
0 5 13542
0 6 14235
0 7 14352
0 8 14523
0 9 15243
0 10 15324
0 11 15432
0 12 21354
0 13 21435
0 14 21543
0 15 23145
0 16 23451
0 17 23514
0 18 24153
0 19 24315
0 20 24531
0 21 25134
0 22 25341
0 23 25413
0 24 31245
0 25 31452
0 26 31524
0 27 32154
0 28 32415
0 29 32541
0 30 34125
0 31 34251
0 32 34512
0 33 35142
0 34 35214
0 35 35421
0 36 41253
0 37 41325
0 38 41532
0 39 42135
0 40 42351
0 41 42513
0 42 43152
0 43 43215
0 44 43521
0 45 45123
0 46 45231
0 47 45312
0 48 51234
0 49 51342
0 50 51423
0 51 52143
0 52 52314
0 53 52431
0 54 53124
0 55 53241
0 56 53412
0 57 54132
0 58 54213
0 59 54321
1 0 12453
1 1 12534
1 2 12345
1 3 14235
1 4 14523
1 5 14352
1 6 15243
1 7 15432
1 8 15324
1 9 13254
1 10 13425
1 11 13542
1 12 21435
1 13 21543
1 14 21354
1 15 24153
1 16 24531
1 17 24315
1 18 25134
1 19 25413
1 20 25341
1 21 23145
1 22 23451
1 23 23514
1 24 41253
1 25 41532
1 26 41325
1 27 42135
1 28 42513
1 29 42351
1 30 45123
1 31 45231
1 32 45312
1 33 43152
1 34 43215
1 35 43521
1 36 51234
1 37 51423
1 38 51342
1 39 52143
1 40 52431
1 41 52314
1 42 54132
1 43 54213
1 44 54321
1 45 53124
1 46 53241
1 47 53412
1 48 31245
1 49 31452
1 50 31524
1 51 32154
1 52 32415
1 53 32541
1 54 34125
1 55 34251
1 56 34512
1 57 35142
1 58 35214
1 59 35421
2 0 12534
2 1 12345
2 2 12453
2 3 15243
2 4 15324
2 5 15432
2 6 13254
2 7 13542
2 8 13425
2 9 14235
2 10 14523
2 11 14352
2 12 21543
2 13 21354
2 14 21435
2 15 25134
2 16 25341
2 17 25413
2 18 23145
2 19 23514
2 20 23451
2 21 24153
2 22 24531
2 23 24315
2 24 51234
2 25 51342
2 26 51423
2 27 52143
2 28 52314
2 29 52431
2 30 53124
2 31 53241
2 32 53412
2 33 54132
2 34 54213
2 35 54321
2 36 31245
2 37 31524
2 38 31452
2 39 32154
2 40 32541
2 41 32415
2 42 35142
2 43 35214
2 44 35421
2 45 34125
2 46 34251
2 47 34512
2 48 41253
2 49 41532
2 50 41325
2 51 42135
2 52 42513
2 53 42351
2 54 45123
2 55 45231
2 56 45312
2 57 43152
2 58 43215
2 59 43521
3 0 13254
3 1 13542
3 2 13425
3 3 12345
3 4 12534
3 5 12453
3 6 15324
3 7 15243
3 8 15432
3 9 14352
3 10 14235
3 11 14523
3 12 31245
3 13 31524
3 14 31452
3 15 32154
3 16 32541
3 17 32415
3 18 35142
3 19 35214
3 20 35421
3 21 34125
3 22 34251
3 23 34512
3 24 21354
3 25 21543
3 26 21435
3 27 23145
3 28 23514
3 29 23451
3 30 25134
3 31 25341
3 32 25413
3 33 24153
3 34 24315
3 35 24531
3 36 51342
3 37 51234
3 38 51423
3 39 53124
3 40 53241
3 41 53412
3 42 52143
3 43 52314
3 44 52431
3 45 54132
3 46 54321
3 47 54213
3 48 41325
3 49 41253
3 50 41532
3 51 43152
3 52 43215
3 53 43521
3 54 42135
3 55 42351
3 56 42513
3 57 45123
3 58 45312
3 59 45231
4 0 13425
4 1 13254
4 2 13542
4 3 14352
4 4 14235
4 5 14523
4 6 12345
4 7 12453
4 8 12534
4 9 15324
4 10 15432
4 11 15243
4 12 31452
4 13 31245
4 14 31524
4 15 34125
4 16 34251
4 17 34512
4 18 32154
4 19 32415
4 20 32541
4 21 35142
4 22 35421
4 23 35214
4 24 41325
4 25 41253
4 26 41532
4 27 43152
4 28 43215
4 29 43521
4 30 42135
4 31 42351
4 32 42513
4 33 45123
4 34 45312
4 35 45231
4 36 21354
4 37 21435
4 38 21543
4 39 23145
4 40 23451
4 41 23514
4 42 24153
4 43 24315
4 44 24531
4 45 25134
4 46 25341
4 47 25413
4 48 51342
4 49 51423
4 50 51234
4 51 53124
4 52 53412
4 53 53241
4 54 54132
4 55 54321
4 56 54213
4 57 52143
4 58 52314
4 59 52431
5 0 13542
5 1 13425
5 2 13254
5 3 15324
5 4 15432
5 5 15243
5 6 14352
5 7 14523
5 8 14235
5 9 12345
5 10 12534
5 11 12453
5 12 31524
5 13 31452
5 14 31245
5 15 35142
5 16 35421
5 17 35214
5 18 34125
5 19 34512
5 20 34251
5 21 32154
5 22 32541
5 23 32415
5 24 51342
5 25 51423
5 26 51234
5 27 53124
5 28 53412
5 29 53241
5 30 54132
5 31 54321
5 32 54213
5 33 52143
5 34 52314
5 35 52431
5 36 41325
5 37 41532
5 38 41253
5 39 43152
5 40 43521
5 41 43215
5 42 45123
5 43 45312
5 44 45231
5 45 42135
5 46 42351
5 47 42513
5 48 21354
5 49 21543
5 50 21435
5 51 23145
5 52 23514
5 53 23451
5 54 25134
5 55 25341
5 56 25413
5 57 24153
5 58 24315
5 59 24531
6 0 14235
6 1 14352
6 2 14523
6 3 12453
6 4 12345
6 5 12534
6 6 13425
6 7 13254
6 8 13542
6 9 15432
6 10 15243
6 11 15324
6 12 41253
6 13 41325
6 14 41532
6 15 42135
6 16 42351
6 17 42513
6 18 43152
6 19 43215
6 20 43521
6 21 45123
6 22 45231
6 23 45312
6 24 21435
6 25 21354
6 26 21543
6 27 24153
6 28 24315
6 29 24531
6 30 23145
6 31 23451
6 32 23514
6 33 25134
6 34 25413
6 35 25341
6 36 31452
6 37 31245
6 38 31524
6 39 34125
6 40 34251
6 41 34512
6 42 32154
6 43 32415
6 44 32541
6 45 35142
6 46 35421
6 47 35214
6 48 51423
6 49 51234
6 50 51342
6 51 54132
6 52 54213
6 53 54321
6 54 52143
6 55 52431
6 56 52314
6 57 53124
6 58 53412
6 59 53241
7 0 14352
7 1 14523
7 2 14235
7 3 13425
7 4 13542
7 5 13254
7 6 15432
7 7 15324
7 8 15243
7 9 12453
7 10 12345
7 11 12534
7 12 41325
7 13 41532
7 14 41253
7 15 43152
7 16 43521
7 17 43215
7 18 45123
7 19 45312
7 20 45231
7 21 42135
7 22 42351
7 23 42513
7 24 31452
7 25 31524
7 26 31245
7 27 34125
7 28 34512
7 29 34251
7 30 35142
7 31 35421
7 32 35214
7 33 32154
7 34 32415
7 35 32541
7 36 51423
7 37 51342
7 38 51234
7 39 54132
7 40 54321
7 41 54213
7 42 53124
7 43 53412
7 44 53241
7 45 52143
7 46 52431
7 47 52314
7 48 21435
7 49 21354
7 50 21543
7 51 24153
7 52 24315
7 53 24531
7 54 23145
7 55 23451
7 56 23514
7 57 25134
7 58 25413
7 59 25341
8 0 14523
8 1 14235
8 2 14352
8 3 15432
8 4 15243
8 5 15324
8 6 12453
8 7 12534
8 8 12345
8 9 13425
8 10 13542
8 11 13254
8 12 41532
8 13 41253
8 14 41325
8 15 45123
8 16 45231
8 17 45312
8 18 42135
8 19 42513
8 20 42351
8 21 43152
8 22 43521
8 23 43215
8 24 51423
8 25 51234
8 26 51342
8 27 54132
8 28 54213
8 29 54321
8 30 52143
8 31 52431
8 32 52314
8 33 53124
8 34 53412
8 35 53241
8 36 21435
8 37 21543
8 38 21354
8 39 24153
8 40 24531
8 41 24315
8 42 25134
8 43 25413
8 44 25341
8 45 23145
8 46 23451
8 47 23514
8 48 31452
8 49 31524
8 50 31245
8 51 34125
8 52 34512
8 53 34251
8 54 35142
8 55 35421
8 56 35214
8 57 32154
8 58 32415
8 59 32541
9 0 15243
9 1 15432
9 2 15324
9 3 12534
9 4 12453
9 5 12345
9 6 14523
9 7 14235
9 8 14352
9 9 13542
9 10 13254
9 11 13425
9 12 51234
9 13 51423
9 14 51342
9 15 52143
9 16 52431
9 17 52314
9 18 54132
9 19 54213
9 20 54321
9 21 53124
9 22 53241
9 23 53412
9 24 21543
9 25 21435
9 26 21354
9 27 25134
9 28 25413
9 29 25341
9 30 24153
9 31 24531
9 32 24315
9 33 23145
9 34 23514
9 35 23451
9 36 41532
9 37 41253
9 38 41325
9 39 45123
9 40 45231
9 41 45312
9 42 42135
9 43 42513
9 44 42351
9 45 43152
9 46 43521
9 47 43215
9 48 31524
9 49 31245
9 50 31452
9 51 35142
9 52 35214
9 53 35421
9 54 32154
9 55 32541
9 56 32415
9 57 34125
9 58 34512
9 59 34251
10 0 15324
10 1 15243
10 2 15432
10 3 13542
10 4 13254
10 5 13425
10 6 12534
10 7 12345
10 8 12453
10 9 14523
10 10 14352
10 11 14235
10 12 51342
10 13 51234
10 14 51423
10 15 53124
10 16 53241
10 17 53412
10 18 52143
10 19 52314
10 20 52431
10 21 54132
10 22 54321
10 23 54213
10 24 31524
10 25 31245
10 26 31452
10 27 35142
10 28 35214
10 29 35421
10 30 32154
10 31 32541
10 32 32415
10 33 34125
10 34 34512
10 35 34251
10 36 21543
10 37 21354
10 38 21435
10 39 25134
10 40 25341
10 41 25413
10 42 23145
10 43 23514
10 44 23451
10 45 24153
10 46 24531
10 47 24315
10 48 41532
10 49 41325
10 50 41253
10 51 45123
10 52 45312
10 53 45231
10 54 43152
10 55 43521
10 56 43215
10 57 42135
10 58 42513
10 59 42351
11 0 15432
11 1 15324
11 2 15243
11 3 14523
11 4 14352
11 5 14235
11 6 13542
11 7 13425
11 8 13254
11 9 12534
11 10 12453
11 11 12345
11 12 51423
11 13 51342
11 14 51234
11 15 54132
11 16 54321
11 17 54213
11 18 53124
11 19 53412
11 20 53241
11 21 52143
11 22 52431
11 23 52314
11 24 41532
11 25 41325
11 26 41253
11 27 45123
11 28 45312
11 29 45231
11 30 43152
11 31 43521
11 32 43215
11 33 42135
11 34 42513
11 35 42351
11 36 31524
11 37 31452
11 38 31245
11 39 35142
11 40 35421
11 41 35214
11 42 34125
11 43 34512
11 44 34251
11 45 32154
11 46 32541
11 47 32415
11 48 21543
11 49 21435
11 50 21354
11 51 25134
11 52 25413
11 53 25341
11 54 24153
11 55 24531
11 56 24315
11 57 23145
11 58 23514
11 59 23451
12 0 21354
12 1 21543
12 2 21435
12 3 23145
12 4 23514
12 5 23451
12 6 25134
12 7 25341
12 8 25413
12 9 24153
12 10 24315
12 11 24531
12 12 12345
12 13 12534
12 14 12453
12 15 13254
12 16 13542
12 17 13425
12 18 15243
12 19 15324
12 20 15432
12 21 14235
12 22 14352
12 23 14523
12 24 32154
12 25 32541
12 26 32415
12 27 31245
12 28 31524
12 29 31452
12 30 35214
12 31 35142
12 32 35421
12 33 34251
12 34 34125
12 35 34512
12 36 52143
12 37 52314
12 38 52431
12 39 51234
12 40 51342
12 41 51423
12 42 53241
12 43 53124
12 44 53412
12 45 54213
12 46 54132
12 47 54321
12 48 42135
12 49 42351
12 50 42513
12 51 41253
12 52 41325
12 53 41532
12 54 43215
12 55 43152
12 56 43521
12 57 45231
12 58 45123
12 59 45312
13 0 21435
13 1 21354
13 2 21543
13 3 24153
13 4 24315
13 5 24531
13 6 23145
13 7 23451
13 8 23514
13 9 25134
13 10 25413
13 11 25341
13 12 12453
13 13 12345
13 14 12534
13 15 14235
13 16 14352
13 17 14523
13 18 13254
13 19 13425
13 20 13542
13 21 15243
13 22 15432
13 23 15324
13 24 42135
13 25 42351
13 26 42513
13 27 41253
13 28 41325
13 29 41532
13 30 43215
13 31 43152
13 32 43521
13 33 45231
13 34 45123
13 35 45312
13 36 32154
13 37 32415
13 38 32541
13 39 31245
13 40 31452
13 41 31524
13 42 34251
13 43 34125
13 44 34512
13 45 35214
13 46 35142
13 47 35421
13 48 52143
13 49 52431
13 50 52314
13 51 51234
13 52 51423
13 53 51342
13 54 54213
13 55 54132
13 56 54321
13 57 53241
13 58 53124
13 59 53412
14 0 21543
14 1 21435
14 2 21354
14 3 25134
14 4 25413
14 5 25341
14 6 24153
14 7 24531
14 8 24315
14 9 23145
14 10 23514
14 11 23451
14 12 12534
14 13 12453
14 14 12345
14 15 15243
14 16 15432
14 17 15324
14 18 14235
14 19 14523
14 20 14352
14 21 13254
14 22 13542
14 23 13425
14 24 52143
14 25 52431
14 26 52314
14 27 51234
14 28 51423
14 29 51342
14 30 54213
14 31 54132
14 32 54321
14 33 53241
14 34 53124
14 35 53412
14 36 42135
14 37 42513
14 38 42351
14 39 41253
14 40 41532
14 41 41325
14 42 45231
14 43 45123
14 44 45312
14 45 43215
14 46 43152
14 47 43521
14 48 32154
14 49 32541
14 50 32415
14 51 31245
14 52 31524
14 53 31452
14 54 35214
14 55 35142
14 56 35421
14 57 34251
14 58 34125
14 59 34512
15 0 23145
15 1 23451
15 2 23514
15 3 21354
15 4 21435
15 5 21543
15 6 24315
15 7 24153
15 8 24531
15 9 25341
15 10 25134
15 11 25413
15 12 32154
15 13 32415
15 14 32541
15 15 31245
15 16 31452
15 17 31524
15 18 34251
15 19 34125
15 20 34512
15 21 35214
15 22 35142
15 23 35421
15 24 12345
15 25 12453
15 26 12534
15 27 13254
15 28 13425
15 29 13542
15 30 14235
15 31 14352
15 32 14523
15 33 15243
15 34 15324
15 35 15432
15 36 42351
15 37 42135
15 38 42513
15 39 43215
15 40 43152
15 41 43521
15 42 41253
15 43 41325
15 44 41532
15 45 45231
15 46 45312
15 47 45123
15 48 52314
15 49 52143
15 50 52431
15 51 53241
15 52 53124
15 53 53412
15 54 51234
15 55 51342
15 56 51423
15 57 54213
15 58 54321
15 59 54132
16 0 23451
16 1 23514
16 2 23145
16 3 24315
16 4 24531
16 5 24153
16 6 25341
16 7 25413
16 8 25134
16 9 21354
16 10 21435
16 11 21543
16 12 32415
16 13 32541
16 14 32154
16 15 34251
16 16 34512
16 17 34125
16 18 35214
16 19 35421
16 20 35142
16 21 31245
16 22 31452
16 23 31524
16 24 42351
16 25 42513
16 26 42135
16 27 43215
16 28 43521
16 29 43152
16 30 45231
16 31 45312
16 32 45123
16 33 41253
16 34 41325
16 35 41532
16 36 52314
16 37 52431
16 38 52143
16 39 53241
16 40 53412
16 41 53124
16 42 54213
16 43 54321
16 44 54132
16 45 51234
16 46 51342
16 47 51423
16 48 12345
16 49 12453
16 50 12534
16 51 13254
16 52 13425
16 53 13542
16 54 14235
16 55 14352
16 56 14523
16 57 15243
16 58 15324
16 59 15432
17 0 23514
17 1 23145
17 2 23451
17 3 25341
17 4 25134
17 5 25413
17 6 21354
17 7 21543
17 8 21435
17 9 24315
17 10 24531
17 11 24153
17 12 32541
17 13 32154
17 14 32415
17 15 35214
17 16 35142
17 17 35421
17 18 31245
17 19 31524
17 20 31452
17 21 34251
17 22 34512
17 23 34125
17 24 52314
17 25 52143
17 26 52431
17 27 53241
17 28 53124
17 29 53412
17 30 51234
17 31 51342
17 32 51423
17 33 54213
17 34 54321
17 35 54132
17 36 12345
17 37 12534
17 38 12453
17 39 13254
17 40 13542
17 41 13425
17 42 15243
17 43 15324
17 44 15432
17 45 14235
17 46 14352
17 47 14523
17 48 42351
17 49 42513
17 50 42135
17 51 43215
17 52 43521
17 53 43152
17 54 45231
17 55 45312
17 56 45123
17 57 41253
17 58 41325
17 59 41532
18 0 24153
18 1 24531
18 2 24315
18 3 21435
18 4 21543
18 5 21354
18 6 25413
18 7 25134
18 8 25341
18 9 23451
18 10 23145
18 11 23514
18 12 42135
18 13 42513
18 14 42351
18 15 41253
18 16 41532
18 17 41325
18 18 45231
18 19 45123
18 20 45312
18 21 43215
18 22 43152
18 23 43521
18 24 12453
18 25 12534
18 26 12345
18 27 14235
18 28 14523
18 29 14352
18 30 15243
18 31 15432
18 32 15324
18 33 13254
18 34 13425
18 35 13542
18 36 52431
18 37 52143
18 38 52314
18 39 54213
18 40 54132
18 41 54321
18 42 51234
18 43 51423
18 44 51342
18 45 53241
18 46 53412
18 47 53124
18 48 32415
18 49 32154
18 50 32541
18 51 34251
18 52 34125
18 53 34512
18 54 31245
18 55 31452
18 56 31524
18 57 35214
18 58 35421
18 59 35142
19 0 24315
19 1 24153
19 2 24531
19 3 23451
19 4 23145
19 5 23514
19 6 21435
19 7 21354
19 8 21543
19 9 25413
19 10 25341
19 11 25134
19 12 42351
19 13 42135
19 14 42513
19 15 43215
19 16 43152
19 17 43521
19 18 41253
19 19 41325
19 20 41532
19 21 45231
19 22 45312
19 23 45123
19 24 32415
19 25 32154
19 26 32541
19 27 34251
19 28 34125
19 29 34512
19 30 31245
19 31 31452
19 32 31524
19 33 35214
19 34 35421
19 35 35142
19 36 12453
19 37 12345
19 38 12534
19 39 14235
19 40 14352
19 41 14523
19 42 13254
19 43 13425
19 44 13542
19 45 15243
19 46 15432
19 47 15324
19 48 52431
19 49 52314
19 50 52143
19 51 54213
19 52 54321
19 53 54132
19 54 53241
19 55 53412
19 56 53124
19 57 51234
19 58 51423
19 59 51342
20 0 24531
20 1 24315
20 2 24153
20 3 25413
20 4 25341
20 5 25134
20 6 23451
20 7 23514
20 8 23145
20 9 21435
20 10 21543
20 11 21354
20 12 42513
20 13 42351
20 14 42135
20 15 45231
20 16 45312
20 17 45123
20 18 43215
20 19 43521
20 20 43152
20 21 41253
20 22 41532
20 23 41325
20 24 52431
20 25 52314
20 26 52143
20 27 54213
20 28 54321
20 29 54132
20 30 53241
20 31 53412
20 32 53124
20 33 51234
20 34 51423
20 35 51342
20 36 32415
20 37 32541
20 38 32154
20 39 34251
20 40 34512
20 41 34125
20 42 35214
20 43 35421
20 44 35142
20 45 31245
20 46 31452
20 47 31524
20 48 12453
20 49 12534
20 50 12345
20 51 14235
20 52 14523
20 53 14352
20 54 15243
20 55 15432
20 56 15324
20 57 13254
20 58 13425
20 59 13542
21 0 25134
21 1 25341
21 2 25413
21 3 21543
21 4 21354
21 5 21435
21 6 23514
21 7 23145
21 8 23451
21 9 24531
21 10 24153
21 11 24315
21 12 52143
21 13 52314
21 14 52431
21 15 51234
21 16 51342
21 17 51423
21 18 53241
21 19 53124
21 20 53412
21 21 54213
21 22 54132
21 23 54321
21 24 12534
21 25 12345
21 26 12453
21 27 15243
21 28 15324
21 29 15432
21 30 13254
21 31 13542
21 32 13425
21 33 14235
21 34 14523
21 35 14352
21 36 32541
21 37 32154
21 38 32415
21 39 35214
21 40 35142
21 41 35421
21 42 31245
21 43 31524
21 44 31452
21 45 34251
21 46 34512
21 47 34125
21 48 42513
21 49 42135
21 50 42351
21 51 45231
21 52 45123
21 53 45312
21 54 41253
21 55 41532
21 56 41325
21 57 43215
21 58 43521
21 59 43152
22 0 25341
22 1 25413
22 2 25134
22 3 23514
22 4 23451
22 5 23145
22 6 24531
22 7 24315
22 8 24153
22 9 21543
22 10 21354
22 11 21435
22 12 52314
22 13 52431
22 14 52143
22 15 53241
22 16 53412
22 17 53124
22 18 54213
22 19 54321
22 20 54132
22 21 51234
22 22 51342
22 23 51423
22 24 32541
22 25 32415
22 26 32154
22 27 35214
22 28 35421
22 29 35142
22 30 34251
22 31 34512
22 32 34125
22 33 31245
22 34 31524
22 35 31452
22 36 42513
22 37 42351
22 38 42135
22 39 45231
22 40 45312
22 41 45123
22 42 43215
22 43 43521
22 44 43152
22 45 41253
22 46 41532
22 47 41325
22 48 12534
22 49 12345
22 50 12453
22 51 15243
22 52 15324
22 53 15432
22 54 13254
22 55 13542
22 56 13425
22 57 14235
22 58 14523
22 59 14352
23 0 25413
23 1 25134
23 2 25341
23 3 24531
23 4 24153
23 5 24315
23 6 21543
23 7 21435
23 8 21354
23 9 23514
23 10 23451
23 11 23145
23 12 52431
23 13 52143
23 14 52314
23 15 54213
23 16 54132
23 17 54321
23 18 51234
23 19 51423
23 20 51342
23 21 53241
23 22 53412
23 23 53124
23 24 42513
23 25 42135
23 26 42351
23 27 45231
23 28 45123
23 29 45312
23 30 41253
23 31 41532
23 32 41325
23 33 43215
23 34 43521
23 35 43152
23 36 12534
23 37 12453
23 38 12345
23 39 15243
23 40 15432
23 41 15324
23 42 14235
23 43 14523
23 44 14352
23 45 13254
23 46 13542
23 47 13425
23 48 32541
23 49 32415
23 50 32154
23 51 35214
23 52 35421
23 53 35142
23 54 34251
23 55 34512
23 56 34125
23 57 31245
23 58 31524
23 59 31452
24 0 31245
24 1 31452
24 2 31524
24 3 32154
24 4 32415
24 5 32541
24 6 34125
24 7 34251
24 8 34512
24 9 35142
24 10 35214
24 11 35421
24 12 13254
24 13 13425
24 14 13542
24 15 12345
24 16 12453
24 17 12534
24 18 14352
24 19 14235
24 20 14523
24 21 15324
24 22 15243
24 23 15432
24 24 23145
24 25 23451
24 26 23514
24 27 21354
24 28 21435
24 29 21543
24 30 24315
24 31 24153
24 32 24531
24 33 25341
24 34 25134
24 35 25413
24 36 43152
24 37 43215
24 38 43521
24 39 41325
24 40 41253
24 41 41532
24 42 42351
24 43 42135
24 44 42513
24 45 45312
24 46 45123
24 47 45231
24 48 53124
24 49 53241
24 50 53412
24 51 51342
24 52 51234
24 53 51423
24 54 52314
24 55 52143
24 56 52431
24 57 54321
24 58 54132
24 59 54213
25 0 31452
25 1 31524
25 2 31245
25 3 34125
25 4 34512
25 5 34251
25 6 35142
25 7 35421
25 8 35214
25 9 32154
25 10 32415
25 11 32541
25 12 13425
25 13 13542
25 14 13254
25 15 14352
25 16 14523
25 17 14235
25 18 15324
25 19 15432
25 20 15243
25 21 12345
25 22 12453
25 23 12534
25 24 43152
25 25 43521
25 26 43215
25 27 41325
25 28 41532
25 29 41253
25 30 45312
25 31 45123
25 32 45231
25 33 42351
25 34 42135
25 35 42513
25 36 53124
25 37 53412
25 38 53241
25 39 51342
25 40 51423
25 41 51234
25 42 54321
25 43 54132
25 44 54213
25 45 52314
25 46 52143
25 47 52431
25 48 23145
25 49 23451
25 50 23514
25 51 21354
25 52 21435
25 53 21543
25 54 24315
25 55 24153
25 56 24531
25 57 25341
25 58 25134
25 59 25413
26 0 31524
26 1 31245
26 2 31452
26 3 35142
26 4 35214
26 5 35421
26 6 32154
26 7 32541
26 8 32415
26 9 34125
26 10 34512
26 11 34251
26 12 13542
26 13 13254
26 14 13425
26 15 15324
26 16 15243
26 17 15432
26 18 12345
26 19 12534
26 20 12453
26 21 14352
26 22 14523
26 23 14235
26 24 53124
26 25 53241
26 26 53412
26 27 51342
26 28 51234
26 29 51423
26 30 52314
26 31 52143
26 32 52431
26 33 54321
26 34 54132
26 35 54213
26 36 23145
26 37 23514
26 38 23451
26 39 21354
26 40 21543
26 41 21435
26 42 25341
26 43 25134
26 44 25413
26 45 24315
26 46 24153
26 47 24531
26 48 43152
26 49 43521
26 50 43215
26 51 41325
26 52 41532
26 53 41253
26 54 45312
26 55 45123
26 56 45231
26 57 42351
26 58 42135
26 59 42513
27 0 32154
27 1 32541
27 2 32415
27 3 31245
27 4 31524
27 5 31452
27 6 35214
27 7 35142
27 8 35421
27 9 34251
27 10 34125
27 11 34512
27 12 23145
27 13 23514
27 14 23451
27 15 21354
27 16 21543
27 17 21435
27 18 25341
27 19 25134
27 20 25413
27 21 24315
27 22 24153
27 23 24531
27 24 13254
27 25 13542
27 26 13425
27 27 12345
27 28 12534
27 29 12453
27 30 15324
27 31 15243
27 32 15432
27 33 14352
27 34 14235
27 35 14523
27 36 53241
27 37 53124
27 38 53412
27 39 52314
27 40 52143
27 41 52431
27 42 51342
27 43 51234
27 44 51423
27 45 54321
27 46 54213
27 47 54132
27 48 43215
27 49 43152
27 50 43521
27 51 42351
27 52 42135
27 53 42513
27 54 41325
27 55 41253
27 56 41532
27 57 45312
27 58 45231
27 59 45123
28 0 32415
28 1 32154
28 2 32541
28 3 34251
28 4 34125
28 5 34512
28 6 31245
28 7 31452
28 8 31524
28 9 35214
28 10 35421
28 11 35142
28 12 23451
28 13 23145
28 14 23514
28 15 24315
28 16 24153
28 17 24531
28 18 21354
28 19 21435
28 20 21543
28 21 25341
28 22 25413
28 23 25134
28 24 43215
28 25 43152
28 26 43521
28 27 42351
28 28 42135
28 29 42513
28 30 41325
28 31 41253
28 32 41532
28 33 45312
28 34 45231
28 35 45123
28 36 13254
28 37 13425
28 38 13542
28 39 12345
28 40 12453
28 41 12534
28 42 14352
28 43 14235
28 44 14523
28 45 15324
28 46 15243
28 47 15432
28 48 53241
28 49 53412
28 50 53124
28 51 52314
28 52 52431
28 53 52143
28 54 54321
28 55 54213
28 56 54132
28 57 51342
28 58 51234
28 59 51423
29 0 32541
29 1 32415
29 2 32154
29 3 35214
29 4 35421
29 5 35142
29 6 34251
29 7 34512
29 8 34125
29 9 31245
29 10 31524
29 11 31452
29 12 23514
29 13 23451
29 14 23145
29 15 25341
29 16 25413
29 17 25134
29 18 24315
29 19 24531
29 20 24153
29 21 21354
29 22 21543
29 23 21435
29 24 53241
29 25 53412
29 26 53124
29 27 52314
29 28 52431
29 29 52143
29 30 54321
29 31 54213
29 32 54132
29 33 51342
29 34 51234
29 35 51423
29 36 43215
29 37 43521
29 38 43152
29 39 42351
29 40 42513
29 41 42135
29 42 45312
29 43 45231
29 44 45123
29 45 41325
29 46 41253
29 47 41532
29 48 13254
29 49 13542
29 50 13425
29 51 12345
29 52 12534
29 53 12453
29 54 15324
29 55 15243
29 56 15432
29 57 14352
29 58 14235
29 59 14523
30 0 34125
30 1 34251
30 2 34512
30 3 31452
30 4 31245
30 5 31524
30 6 32415
30 7 32154
30 8 32541
30 9 35421
30 10 35142
30 11 35214
30 12 43152
30 13 43215
30 14 43521
30 15 41325
30 16 41253
30 17 41532
30 18 42351
30 19 42135
30 20 42513
30 21 45312
30 22 45123
30 23 45231
30 24 13425
30 25 13254
30 26 13542
30 27 14352
30 28 14235
30 29 14523
30 30 12345
30 31 12453
30 32 12534
30 33 15324
30 34 15432
30 35 15243
30 36 23451
30 37 23145
30 38 23514
30 39 24315
30 40 24153
30 41 24531
30 42 21354
30 43 21435
30 44 21543
30 45 25341
30 46 25413
30 47 25134
30 48 53412
30 49 53124
30 50 53241
30 51 54321
30 52 54132
30 53 54213
30 54 51342
30 55 51423
30 56 51234
30 57 52314
30 58 52431
30 59 52143
31 0 34251
31 1 34512
31 2 34125
31 3 32415
31 4 32541
31 5 32154
31 6 35421
31 7 35214
31 8 35142
31 9 31452
31 10 31245
31 11 31524
31 12 43215
31 13 43521
31 14 43152
31 15 42351
31 16 42513
31 17 42135
31 18 45312
31 19 45231
31 20 45123
31 21 41325
31 22 41253
31 23 41532
31 24 23451
31 25 23514
31 26 23145
31 27 24315
31 28 24531
31 29 24153
31 30 25341
31 31 25413
31 32 25134
31 33 21354
31 34 21435
31 35 21543
31 36 53412
31 37 53241
31 38 53124
31 39 54321
31 40 54213
31 41 54132
31 42 52314
31 43 52431
31 44 52143
31 45 51342
31 46 51423
31 47 51234
31 48 13425
31 49 13254
31 50 13542
31 51 14352
31 52 14235
31 53 14523
31 54 12345
31 55 12453
31 56 12534
31 57 15324
31 58 15432
31 59 15243
32 0 34512
32 1 34125
32 2 34251
32 3 35421
32 4 35142
32 5 35214
32 6 31452
32 7 31524
32 8 31245
32 9 32415
32 10 32541
32 11 32154
32 12 43521
32 13 43152
32 14 43215
32 15 45312
32 16 45123
32 17 45231
32 18 41325
32 19 41532
32 20 41253
32 21 42351
32 22 42513
32 23 42135
32 24 53412
32 25 53124
32 26 53241
32 27 54321
32 28 54132
32 29 54213
32 30 51342
32 31 51423
32 32 51234
32 33 52314
32 34 52431
32 35 52143
32 36 13425
32 37 13542
32 38 13254
32 39 14352
32 40 14523
32 41 14235
32 42 15324
32 43 15432
32 44 15243
32 45 12345
32 46 12453
32 47 12534
32 48 23451
32 49 23514
32 50 23145
32 51 24315
32 52 24531
32 53 24153
32 54 25341
32 55 25413
32 56 25134
32 57 21354
32 58 21435
32 59 21543
33 0 35142
33 1 35421
33 2 35214
33 3 31524
33 4 31452
33 5 31245
33 6 34512
33 7 34125
33 8 34251
33 9 32541
33 10 32154
33 11 32415
33 12 53124
33 13 53412
33 14 53241
33 15 51342
33 16 51423
33 17 51234
33 18 54321
33 19 54132
33 20 54213
33 21 52314
33 22 52143
33 23 52431
33 24 13542
33 25 13425
33 26 13254
33 27 15324
33 28 15432
33 29 15243
33 30 14352
33 31 14523
33 32 14235
33 33 12345
33 34 12534
33 35 12453
33 36 43521
33 37 43152
33 38 43215
33 39 45312
33 40 45123
33 41 45231
33 42 41325
33 43 41532
33 44 41253
33 45 42351
33 46 42513
33 47 42135
33 48 23514
33 49 23145
33 50 23451
33 51 25341
33 52 25134
33 53 25413
33 54 21354
33 55 21543
33 56 21435
33 57 24315
33 58 24531
33 59 24153
34 0 35214
34 1 35142
34 2 35421
34 3 32541
34 4 32154
34 5 32415
34 6 31524
34 7 31245
34 8 31452
34 9 34512
34 10 34251
34 11 34125
34 12 53241
34 13 53124
34 14 53412
34 15 52314
34 16 52143
34 17 52431
34 18 51342
34 19 51234
34 20 51423
34 21 54321
34 22 54213
34 23 54132
34 24 23514
34 25 23145
34 26 23451
34 27 25341
34 28 25134
34 29 25413
34 30 21354
34 31 21543
34 32 21435
34 33 24315
34 34 24531
34 35 24153
34 36 13542
34 37 13254
34 38 13425
34 39 15324
34 40 15243
34 41 15432
34 42 12345
34 43 12534
34 44 12453
34 45 14352
34 46 14523
34 47 14235
34 48 43521
34 49 43215
34 50 43152
34 51 45312
34 52 45231
34 53 45123
34 54 42351
34 55 42513
34 56 42135
34 57 41325
34 58 41532
34 59 41253
35 0 35421
35 1 35214
35 2 35142
35 3 34512
35 4 34251
35 5 34125
35 6 32541
35 7 32415
35 8 32154
35 9 31524
35 10 31452
35 11 31245
35 12 53412
35 13 53241
35 14 53124
35 15 54321
35 16 54213
35 17 54132
35 18 52314
35 19 52431
35 20 52143
35 21 51342
35 22 51423
35 23 51234
35 24 43521
35 25 43215
35 26 43152
35 27 45312
35 28 45231
35 29 45123
35 30 42351
35 31 42513
35 32 42135
35 33 41325
35 34 41532
35 35 41253
35 36 23514
35 37 23451
35 38 23145
35 39 25341
35 40 25413
35 41 25134
35 42 24315
35 43 24531
35 44 24153
35 45 21354
35 46 21543
35 47 21435
35 48 13542
35 49 13425
35 50 13254
35 51 15324
35 52 15432
35 53 15243
35 54 14352
35 55 14523
35 56 14235
35 57 12345
35 58 12534
35 59 12453
36 0 41253
36 1 41532
36 2 41325
36 3 42135
36 4 42513
36 5 42351
36 6 45123
36 7 45231
36 8 45312
36 9 43152
36 10 43215
36 11 43521
36 12 14235
36 13 14523
36 14 14352
36 15 12453
36 16 12534
36 17 12345
36 18 15432
36 19 15243
36 20 15324
36 21 13425
36 22 13254
36 23 13542
36 24 24153
36 25 24531
36 26 24315
36 27 21435
36 28 21543
36 29 21354
36 30 25413
36 31 25134
36 32 25341
36 33 23451
36 34 23145
36 35 23514
36 36 54132
36 37 54213
36 38 54321
36 39 51423
36 40 51234
36 41 51342
36 42 52431
36 43 52143
36 44 52314
36 45 53412
36 46 53124
36 47 53241
36 48 34125
36 49 34251
36 50 34512
36 51 31452
36 52 31245
36 53 31524
36 54 32415
36 55 32154
36 56 32541
36 57 35421
36 58 35142
36 59 35214
37 0 41325
37 1 41253
37 2 41532
37 3 43152
37 4 43215
37 5 43521
37 6 42135
37 7 42351
37 8 42513
37 9 45123
37 10 45312
37 11 45231
37 12 14352
37 13 14235
37 14 14523
37 15 13425
37 16 13254
37 17 13542
37 18 12453
37 19 12345
37 20 12534
37 21 15432
37 22 15324
37 23 15243
37 24 34125
37 25 34251
37 26 34512
37 27 31452
37 28 31245
37 29 31524
37 30 32415
37 31 32154
37 32 32541
37 33 35421
37 34 35142
37 35 35214
37 36 24153
37 37 24315
37 38 24531
37 39 21435
37 40 21354
37 41 21543
37 42 23451
37 43 23145
37 44 23514
37 45 25413
37 46 25134
37 47 25341
37 48 54132
37 49 54321
37 50 54213
37 51 51423
37 52 51342
37 53 51234
37 54 53412
37 55 53124
37 56 53241
37 57 52431
37 58 52143
37 59 52314
38 0 41532
38 1 41325
38 2 41253
38 3 45123
38 4 45312
38 5 45231
38 6 43152
38 7 43521
38 8 43215
38 9 42135
38 10 42513
38 11 42351
38 12 14523
38 13 14352
38 14 14235
38 15 15432
38 16 15324
38 17 15243
38 18 13425
38 19 13542
38 20 13254
38 21 12453
38 22 12534
38 23 12345
38 24 54132
38 25 54321
38 26 54213
38 27 51423
38 28 51342
38 29 51234
38 30 53412
38 31 53124
38 32 53241
38 33 52431
38 34 52143
38 35 52314
38 36 34125
38 37 34512
38 38 34251
38 39 31452
38 40 31524
38 41 31245
38 42 35421
38 43 35142
38 44 35214
38 45 32415
38 46 32154
38 47 32541
38 48 24153
38 49 24531
38 50 24315
38 51 21435
38 52 21543
38 53 21354
38 54 25413
38 55 25134
38 56 25341
38 57 23451
38 58 23145
38 59 23514
39 0 42135
39 1 42351
39 2 42513
39 3 41253
39 4 41325
39 5 41532
39 6 43215
39 7 43152
39 8 43521
39 9 45231
39 10 45123
39 11 45312
39 12 24153
39 13 24315
39 14 24531
39 15 21435
39 16 21354
39 17 21543
39 18 23451
39 19 23145
39 20 23514
39 21 25413
39 22 25134
39 23 25341
39 24 14235
39 25 14352
39 26 14523
39 27 12453
39 28 12345
39 29 12534
39 30 13425
39 31 13254
39 32 13542
39 33 15432
39 34 15243
39 35 15324
39 36 34251
39 37 34125
39 38 34512
39 39 32415
39 40 32154
39 41 32541
39 42 31452
39 43 31245
39 44 31524
39 45 35421
39 46 35214
39 47 35142
39 48 54213
39 49 54132
39 50 54321
39 51 52431
39 52 52143
39 53 52314
39 54 51423
39 55 51234
39 56 51342
39 57 53412
39 58 53241
39 59 53124
40 0 42351
40 1 42513
40 2 42135
40 3 43215
40 4 43521
40 5 43152
40 6 45231
40 7 45312
40 8 45123
40 9 41253
40 10 41325
40 11 41532
40 12 24315
40 13 24531
40 14 24153
40 15 23451
40 16 23514
40 17 23145
40 18 25413
40 19 25341
40 20 25134
40 21 21435
40 22 21354
40 23 21543
40 24 34251
40 25 34512
40 26 34125
40 27 32415
40 28 32541
40 29 32154
40 30 35421
40 31 35214
40 32 35142
40 33 31452
40 34 31245
40 35 31524
40 36 54213
40 37 54321
40 38 54132
40 39 52431
40 40 52314
40 41 52143
40 42 53412
40 43 53241
40 44 53124
40 45 51423
40 46 51234
40 47 51342
40 48 14235
40 49 14352
40 50 14523
40 51 12453
40 52 12345
40 53 12534
40 54 13425
40 55 13254
40 56 13542
40 57 15432
40 58 15243
40 59 15324
41 0 42513
41 1 42135
41 2 42351
41 3 45231
41 4 45123
41 5 45312
41 6 41253
41 7 41532
41 8 41325
41 9 43215
41 10 43521
41 11 43152
41 12 24531
41 13 24153
41 14 24315
41 15 25413
41 16 25134
41 17 25341
41 18 21435
41 19 21543
41 20 21354
41 21 23451
41 22 23514
41 23 23145
41 24 54213
41 25 54132
41 26 54321
41 27 52431
41 28 52143
41 29 52314
41 30 51423
41 31 51234
41 32 51342
41 33 53412
41 34 53241
41 35 53124
41 36 14235
41 37 14523
41 38 14352
41 39 12453
41 40 12534
41 41 12345
41 42 15432
41 43 15243
41 44 15324
41 45 13425
41 46 13254
41 47 13542
41 48 34251
41 49 34512
41 50 34125
41 51 32415
41 52 32541
41 53 32154
41 54 35421
41 55 35214
41 56 35142
41 57 31452
41 58 31245
41 59 31524
42 0 43152
42 1 43521
42 2 43215
42 3 41325
42 4 41532
42 5 41253
42 6 45312
42 7 45123
42 8 45231
42 9 42351
42 10 42135
42 11 42513
42 12 34125
42 13 34512
42 14 34251
42 15 31452
42 16 31524
42 17 31245
42 18 35421
42 19 35142
42 20 35214
42 21 32415
42 22 32154
42 23 32541
42 24 14352
42 25 14523
42 26 14235
42 27 13425
42 28 13542
42 29 13254
42 30 15432
42 31 15324
42 32 15243
42 33 12453
42 34 12345
42 35 12534
42 36 54321
42 37 54132
42 38 54213
42 39 53412
42 40 53124
42 41 53241
42 42 51423
42 43 51342
42 44 51234
42 45 52431
42 46 52314
42 47 52143
42 48 24315
42 49 24153
42 50 24531
42 51 23451
42 52 23145
42 53 23514
42 54 21435
42 55 21354
42 56 21543
42 57 25413
42 58 25341
42 59 25134
43 0 43215
43 1 43152
43 2 43521
43 3 42351
43 4 42135
43 5 42513
43 6 41325
43 7 41253
43 8 41532
43 9 45312
43 10 45231
43 11 45123
43 12 34251
43 13 34125
43 14 34512
43 15 32415
43 16 32154
43 17 32541
43 18 31452
43 19 31245
43 20 31524
43 21 35421
43 22 35214
43 23 35142
43 24 24315
43 25 24153
43 26 24531
43 27 23451
43 28 23145
43 29 23514
43 30 21435
43 31 21354
43 32 21543
43 33 25413
43 34 25341
43 35 25134
43 36 14352
43 37 14235
43 38 14523
43 39 13425
43 40 13254
43 41 13542
43 42 12453
43 43 12345
43 44 12534
43 45 15432
43 46 15324
43 47 15243
43 48 54321
43 49 54213
43 50 54132
43 51 53412
43 52 53241
43 53 53124
43 54 52431
43 55 52314
43 56 52143
43 57 51423
43 58 51342
43 59 51234
44 0 43521
44 1 43215
44 2 43152
44 3 45312
44 4 45231
44 5 45123
44 6 42351
44 7 42513
44 8 42135
44 9 41325
44 10 41532
44 11 41253
44 12 34512
44 13 34251
44 14 34125
44 15 35421
44 16 35214
44 17 35142
44 18 32415
44 19 32541
44 20 32154
44 21 31452
44 22 31524
44 23 31245
44 24 54321
44 25 54213
44 26 54132
44 27 53412
44 28 53241
44 29 53124
44 30 52431
44 31 52314
44 32 52143
44 33 51423
44 34 51342
44 35 51234
44 36 24315
44 37 24531
44 38 24153
44 39 23451
44 40 23514
44 41 23145
44 42 25413
44 43 25341
44 44 25134
44 45 21435
44 46 21354
44 47 21543
44 48 14352
44 49 14523
44 50 14235
44 51 13425
44 52 13542
44 53 13254
44 54 15432
44 55 15324
44 56 15243
44 57 12453
44 58 12345
44 59 12534
45 0 45123
45 1 45231
45 2 45312
45 3 41532
45 4 41253
45 5 41325
45 6 42513
45 7 42135
45 8 42351
45 9 43521
45 10 43152
45 11 43215
45 12 54132
45 13 54213
45 14 54321
45 15 51423
45 16 51234
45 17 51342
45 18 52431
45 19 52143
45 20 52314
45 21 53412
45 22 53124
45 23 53241
45 24 14523
45 25 14235
45 26 14352
45 27 15432
45 28 15243
45 29 15324
45 30 12453
45 31 12534
45 32 12345
45 33 13425
45 34 13542
45 35 13254
45 36 24531
45 37 24153
45 38 24315
45 39 25413
45 40 25134
45 41 25341
45 42 21435
45 43 21543
45 44 21354
45 45 23451
45 46 23514
45 47 23145
45 48 34512
45 49 34125
45 50 34251
45 51 35421
45 52 35142
45 53 35214
45 54 31452
45 55 31524
45 56 31245
45 57 32415
45 58 32541
45 59 32154
46 0 45231
46 1 45312
46 2 45123
46 3 42513
46 4 42351
46 5 42135
46 6 43521
46 7 43215
46 8 43152
46 9 41532
46 10 41253
46 11 41325
46 12 54213
46 13 54321
46 14 54132
46 15 52431
46 16 52314
46 17 52143
46 18 53412
46 19 53241
46 20 53124
46 21 51423
46 22 51234
46 23 51342
46 24 24531
46 25 24315
46 26 24153
46 27 25413
46 28 25341
46 29 25134
46 30 23451
46 31 23514
46 32 23145
46 33 21435
46 34 21543
46 35 21354
46 36 34512
46 37 34251
46 38 34125
46 39 35421
46 40 35214
46 41 35142
46 42 32415
46 43 32541
46 44 32154
46 45 31452
46 46 31524
46 47 31245
46 48 14523
46 49 14235
46 50 14352
46 51 15432
46 52 15243
46 53 15324
46 54 12453
46 55 12534
46 56 12345
46 57 13425
46 58 13542
46 59 13254
47 0 45312
47 1 45123
47 2 45231
47 3 43521
47 4 43152
47 5 43215
47 6 41532
47 7 41325
47 8 41253
47 9 42513
47 10 42351
47 11 42135
47 12 54321
47 13 54132
47 14 54213
47 15 53412
47 16 53124
47 17 53241
47 18 51423
47 19 51342
47 20 51234
47 21 52431
47 22 52314
47 23 52143
47 24 34512
47 25 34125
47 26 34251
47 27 35421
47 28 35142
47 29 35214
47 30 31452
47 31 31524
47 32 31245
47 33 32415
47 34 32541
47 35 32154
47 36 14523
47 37 14352
47 38 14235
47 39 15432
47 40 15324
47 41 15243
47 42 13425
47 43 13542
47 44 13254
47 45 12453
47 46 12534
47 47 12345
47 48 24531
47 49 24315
47 50 24153
47 51 25413
47 52 25341
47 53 25134
47 54 23451
47 55 23514
47 56 23145
47 57 21435
47 58 21543
47 59 21354
48 0 51234
48 1 51342
48 2 51423
48 3 52143
48 4 52314
48 5 52431
48 6 53124
48 7 53241
48 8 53412
48 9 54132
48 10 54213
48 11 54321
48 12 15243
48 13 15324
48 14 15432
48 15 12534
48 16 12345
48 17 12453
48 18 13542
48 19 13254
48 20 13425
48 21 14523
48 22 14235
48 23 14352
48 24 25134
48 25 25341
48 26 25413
48 27 21543
48 28 21354
48 29 21435
48 30 23514
48 31 23145
48 32 23451
48 33 24531
48 34 24153
48 35 24315
48 36 35142
48 37 35214
48 38 35421
48 39 31524
48 40 31245
48 41 31452
48 42 32541
48 43 32154
48 44 32415
48 45 34512
48 46 34125
48 47 34251
48 48 45123
48 49 45231
48 50 45312
48 51 41532
48 52 41253
48 53 41325
48 54 42513
48 55 42135
48 56 42351
48 57 43521
48 58 43152
48 59 43215
49 0 51342
49 1 51423
49 2 51234
49 3 53124
49 4 53412
49 5 53241
49 6 54132
49 7 54321
49 8 54213
49 9 52143
49 10 52314
49 11 52431
49 12 15324
49 13 15432
49 14 15243
49 15 13542
49 16 13425
49 17 13254
49 18 14523
49 19 14352
49 20 14235
49 21 12534
49 22 12345
49 23 12453
49 24 35142
49 25 35421
49 26 35214
49 27 31524
49 28 31452
49 29 31245
49 30 34512
49 31 34125
49 32 34251
49 33 32541
49 34 32154
49 35 32415
49 36 45123
49 37 45312
49 38 45231
49 39 41532
49 40 41325
49 41 41253
49 42 43521
49 43 43152
49 44 43215
49 45 42513
49 46 42135
49 47 42351
49 48 25134
49 49 25341
49 50 25413
49 51 21543
49 52 21354
49 53 21435
49 54 23514
49 55 23145
49 56 23451
49 57 24531
49 58 24153
49 59 24315
50 0 51423
50 1 51234
50 2 51342
50 3 54132
50 4 54213
50 5 54321
50 6 52143
50 7 52431
50 8 52314
50 9 53124
50 10 53412
50 11 53241
50 12 15432
50 13 15243
50 14 15324
50 15 14523
50 16 14235
50 17 14352
50 18 12534
50 19 12453
50 20 12345
50 21 13542
50 22 13425
50 23 13254
50 24 45123
50 25 45231
50 26 45312
50 27 41532
50 28 41253
50 29 41325
50 30 42513
50 31 42135
50 32 42351
50 33 43521
50 34 43152
50 35 43215
50 36 25134
50 37 25413
50 38 25341
50 39 21543
50 40 21435
50 41 21354
50 42 24531
50 43 24153
50 44 24315
50 45 23514
50 46 23145
50 47 23451
50 48 35142
50 49 35421
50 50 35214
50 51 31524
50 52 31452
50 53 31245
50 54 34512
50 55 34125
50 56 34251
50 57 32541
50 58 32154
50 59 32415
51 0 52143
51 1 52431
51 2 52314
51 3 51234
51 4 51423
51 5 51342
51 6 54213
51 7 54132
51 8 54321
51 9 53241
51 10 53124
51 11 53412
51 12 25134
51 13 25413
51 14 25341
51 15 21543
51 16 21435
51 17 21354
51 18 24531
51 19 24153
51 20 24315
51 21 23514
51 22 23145
51 23 23451
51 24 15243
51 25 15432
51 26 15324
51 27 12534
51 28 12453
51 29 12345
51 30 14523
51 31 14235
51 32 14352
51 33 13542
51 34 13254
51 35 13425
51 36 45231
51 37 45123
51 38 45312
51 39 42513
51 40 42135
51 41 42351
51 42 41532
51 43 41253
51 44 41325
51 45 43521
51 46 43215
51 47 43152
51 48 35214
51 49 35142
51 50 35421
51 51 32541
51 52 32154
51 53 32415
51 54 31524
51 55 31245
51 56 31452
51 57 34512
51 58 34251
51 59 34125
52 0 52314
52 1 52143
52 2 52431
52 3 53241
52 4 53124
52 5 53412
52 6 51234
52 7 51342
52 8 51423
52 9 54213
52 10 54321
52 11 54132
52 12 25341
52 13 25134
52 14 25413
52 15 23514
52 16 23145
52 17 23451
52 18 21543
52 19 21354
52 20 21435
52 21 24531
52 22 24315
52 23 24153
52 24 35214
52 25 35142
52 26 35421
52 27 32541
52 28 32154
52 29 32415
52 30 31524
52 31 31245
52 32 31452
52 33 34512
52 34 34251
52 35 34125
52 36 15243
52 37 15324
52 38 15432
52 39 12534
52 40 12345
52 41 12453
52 42 13542
52 43 13254
52 44 13425
52 45 14523
52 46 14235
52 47 14352
52 48 45231
52 49 45312
52 50 45123
52 51 42513
52 52 42351
52 53 42135
52 54 43521
52 55 43215
52 56 43152
52 57 41532
52 58 41253
52 59 41325
53 0 52431
53 1 52314
53 2 52143
53 3 54213
53 4 54321
53 5 54132
53 6 53241
53 7 53412
53 8 53124
53 9 51234
53 10 51423
53 11 51342
53 12 25413
53 13 25341
53 14 25134
53 15 24531
53 16 24315
53 17 24153
53 18 23514
53 19 23451
53 20 23145
53 21 21543
53 22 21435
53 23 21354
53 24 45231
53 25 45312
53 26 45123
53 27 42513
53 28 42351
53 29 42135
53 30 43521
53 31 43215
53 32 43152
53 33 41532
53 34 41253
53 35 41325
53 36 35214
53 37 35421
53 38 35142
53 39 32541
53 40 32415
53 41 32154
53 42 34512
53 43 34251
53 44 34125
53 45 31524
53 46 31245
53 47 31452
53 48 15243
53 49 15432
53 50 15324
53 51 12534
53 52 12453
53 53 12345
53 54 14523
53 55 14235
53 56 14352
53 57 13542
53 58 13254
53 59 13425
54 0 53124
54 1 53241
54 2 53412
54 3 51342
54 4 51234
54 5 51423
54 6 52314
54 7 52143
54 8 52431
54 9 54321
54 10 54132
54 11 54213
54 12 35142
54 13 35214
54 14 35421
54 15 31524
54 16 31245
54 17 31452
54 18 32541
54 19 32154
54 20 32415
54 21 34512
54 22 34125
54 23 34251
54 24 15324
54 25 15243
54 26 15432
54 27 13542
54 28 13254
54 29 13425
54 30 12534
54 31 12345
54 32 12453
54 33 14523
54 34 14352
54 35 14235
54 36 25341
54 37 25134
54 38 25413
54 39 23514
54 40 23145
54 41 23451
54 42 21543
54 43 21354
54 44 21435
54 45 24531
54 46 24315
54 47 24153
54 48 45312
54 49 45123
54 50 45231
54 51 43521
54 52 43152
54 53 43215
54 54 41532
54 55 41325
54 56 41253
54 57 42513
54 58 42351
54 59 42135
55 0 53241
55 1 53412
55 2 53124
55 3 52314
55 4 52431
55 5 52143
55 6 54321
55 7 54213
55 8 54132
55 9 51342
55 10 51234
55 11 51423
55 12 35214
55 13 35421
55 14 35142
55 15 32541
55 16 32415
55 17 32154
55 18 34512
55 19 34251
55 20 34125
55 21 31524
55 22 31245
55 23 31452
55 24 25341
55 25 25413
55 26 25134
55 27 23514
55 28 23451
55 29 23145
55 30 24531
55 31 24315
55 32 24153
55 33 21543
55 34 21354
55 35 21435
55 36 45312
55 37 45231
55 38 45123
55 39 43521
55 40 43215
55 41 43152
55 42 42513
55 43 42351
55 44 42135
55 45 41532
55 46 41325
55 47 41253
55 48 15324
55 49 15243
55 50 15432
55 51 13542
55 52 13254
55 53 13425
55 54 12534
55 55 12345
55 56 12453
55 57 14523
55 58 14352
55 59 14235
56 0 53412
56 1 53124
56 2 53241
56 3 54321
56 4 54132
56 5 54213
56 6 51342
56 7 51423
56 8 51234
56 9 52314
56 10 52431
56 11 52143
56 12 35421
56 13 35142
56 14 35214
56 15 34512
56 16 34125
56 17 34251
56 18 31524
56 19 31452
56 20 31245
56 21 32541
56 22 32415
56 23 32154
56 24 45312
56 25 45123
56 26 45231
56 27 43521
56 28 43152
56 29 43215
56 30 41532
56 31 41325
56 32 41253
56 33 42513
56 34 42351
56 35 42135
56 36 15324
56 37 15432
56 38 15243
56 39 13542
56 40 13425
56 41 13254
56 42 14523
56 43 14352
56 44 14235
56 45 12534
56 46 12345
56 47 12453
56 48 25341
56 49 25413
56 50 25134
56 51 23514
56 52 23451
56 53 23145
56 54 24531
56 55 24315
56 56 24153
56 57 21543
56 58 21354
56 59 21435
57 0 54132
57 1 54321
57 2 54213
57 3 51423
57 4 51342
57 5 51234
57 6 53412
57 7 53124
57 8 53241
57 9 52431
57 10 52143
57 11 52314
57 12 45123
57 13 45312
57 14 45231
57 15 41532
57 16 41325
57 17 41253
57 18 43521
57 19 43152
57 20 43215
57 21 42513
57 22 42135
57 23 42351
57 24 15432
57 25 15324
57 26 15243
57 27 14523
57 28 14352
57 29 14235
57 30 13542
57 31 13425
57 32 13254
57 33 12534
57 34 12453
57 35 12345
57 36 35421
57 37 35142
57 38 35214
57 39 34512
57 40 34125
57 41 34251
57 42 31524
57 43 31452
57 44 31245
57 45 32541
57 46 32415
57 47 32154
57 48 25413
57 49 25134
57 50 25341
57 51 24531
57 52 24153
57 53 24315
57 54 21543
57 55 21435
57 56 21354
57 57 23514
57 58 23451
57 59 23145
58 0 54213
58 1 54132
58 2 54321
58 3 52431
58 4 52143
58 5 52314
58 6 51423
58 7 51234
58 8 51342
58 9 53412
58 10 53241
58 11 53124
58 12 45231
58 13 45123
58 14 45312
58 15 42513
58 16 42135
58 17 42351
58 18 41532
58 19 41253
58 20 41325
58 21 43521
58 22 43215
58 23 43152
58 24 25413
58 25 25134
58 26 25341
58 27 24531
58 28 24153
58 29 24315
58 30 21543
58 31 21435
58 32 21354
58 33 23514
58 34 23451
58 35 23145
58 36 15432
58 37 15243
58 38 15324
58 39 14523
58 40 14235
58 41 14352
58 42 12534
58 43 12453
58 44 12345
58 45 13542
58 46 13425
58 47 13254
58 48 35421
58 49 35214
58 50 35142
58 51 34512
58 52 34251
58 53 34125
58 54 32541
58 55 32415
58 56 32154
58 57 31524
58 58 31452
58 59 31245
59 0 54321
59 1 54213
59 2 54132
59 3 53412
59 4 53241
59 5 53124
59 6 52431
59 7 52314
59 8 52143
59 9 51423
59 10 51342
59 11 51234
59 12 45312
59 13 45231
59 14 45123
59 15 43521
59 16 43215
59 17 43152
59 18 42513
59 19 42351
59 20 42135
59 21 41532
59 22 41325
59 23 41253
59 24 35421
59 25 35214
59 26 35142
59 27 34512
59 28 34251
59 29 34125
59 30 32541
59 31 32415
59 32 32154
59 33 31524
59 34 31452
59 35 31245
59 36 25413
59 37 25341
59 38 25134
59 39 24531
59 40 24315
59 41 24153
59 42 23514
59 43 23451
59 44 23145
59 45 21543
59 46 21435
59 47 21354
59 48 15432
59 49 15324
59 50 15243
59 51 14523
59 52 14352
59 53 14235
59 54 13542
59 55 13425
59 56 13254
59 57 12534
59 58 12453
59 59 12345
43215
53124
45123
35421
53124
31524
13254
35421
53412
43152
21435
25341
53412
52431
45123
15243
21354
25413
53241
13254
0 32541 31524
1 34512 15432
2 53412 31452
3 23145 32154
4 54213 45312
5 32154 32154
6 45123 45231
7 35214 32154
8 23514 12453
9 45231 14352
10 23145 42135
11 32415 13425
12 15324 21354
13 41532 35214
14 42351 12453
15 21435 13425
16 31245 31524
17 12534 53412
18 25341 23451
19 14523 24531
20 32415 34125
21 12534 25413
22 24531 35421
23 24153 43215
24 24153 42513
25 53124 23451
26 45231 14352
27 41325 24315
28 34512 35214
29 24531 23451
30 54321 34512
31 34125 24153
32 25341 41532
33 15432 45312
34 25341 52143
35 45312 53412
36 32541 41325
37 42513 42351
38 41253 43152
39 45231 41532
40 31452 15324
41 41253 54321
42 43521 15243
43 52431 21543
44 35421 43521
45 45312 35214
46 13542 13425
47 15432 23145
48 13425 43215
49 34512 35214
50 52431 14352
51 14352 15324
52 32154 12534
53 35142 34512
54 34125 41253
55 42351 42513
56 35421 52314
57 14523 12453
58 13254 35142
59 32541 43152
